6
C33                      0.00000000 0.15189497 0.10592322 2.10145232 1.72540739 1.48356710 
C46                      0.15189497 0.00000000 0.05446664 0.43096110 1.78555011 1.53462850 
Titanium_IBR_MLV_vaccine 0.10592322 0.05446664 0.00000000 1.94520729 1.71299971 1.46285476 
Cooper                   2.10145232 0.43096110 1.94520729 0.00000000 1.97322642 1.72708377 
K22                      1.72540739 1.78555011 1.71299971 1.97322642 0.00000000 1.75507979 
MN2                      1.48356710 1.53462850 1.46285476 1.72708377 1.75507979 0.00000000 
