7
C33                      0.00000000 0.21817129 0.15041473 2.83726513 1.77013803 1.54126490 0.34704022 
C46                      0.21817129 0.00000000 0.07541769 2.85279477 1.80954825 1.56801622 0.58380061 
Titanium_IBR_MLV_vaccine 0.15041473 0.07541769 0.00000000 3.06415470 1.75860973 1.52147997 0.35146263 
Cooper                   2.83726513 2.85279477 3.06415470 0.00000000 2.00024642 1.77717991 1.91012555 
K22                      1.77013803 1.80954825 1.75860973 2.00024642 0.00000000 1.85173423 1.78387868 
MN2                      1.54126490 1.56801622 1.52147997 1.77717991 1.85173423 0.00000000 1.47364814 
MN3                      0.34704022 0.58380061 0.35146263 1.91012555 1.78387868 1.47364814 0.00000000 
