7
Cooper            0.00000000 2.51810356 3.26964492 2.87206033 2.02881974 1.83829591 2.03467140 
MN3               2.51810356 0.00000000 1.25463740 1.43570301 1.83877376 1.56820506 1.83252429 
C14_CSU_034_10640 3.26964492 1.25463740 0.00000000 1.20985097 1.77528831 1.65221291 1.77720394 
C36_876_459       2.87206033 1.43570301 1.20985097 0.00000000 1.83056634 1.67127696 1.80846264 
K22               2.02881974 1.83877376 1.77528831 1.83056634 0.00000000 1.96211611 1.78386490 
MN2               1.83829591 1.56820506 1.65221291 1.67127696 1.96211611 0.00000000 2.13849518 
SM023             2.03467140 1.83252429 1.77720394 1.80846264 1.78386490 2.13849518 0.00000000 
