7
C33                      0.00000000 0.21817140 0.15041479 2.83727153 1.77013920 1.54126589 0.34704050 
C46                      0.21817140 0.00000000 0.07541771 2.85280580 1.80954939 1.56801714 0.58380123 
Titanium_IBR_MLV_vaccine 0.15041479 0.07541771 0.00000000 3.06416265 1.75861088 1.52148094 0.35146290 
Cooper                   2.83727153 2.85280580 3.06416265 0.00000000 2.00024797 1.77718121 1.91012935 
K22                      1.77013920 1.80954939 1.75861088 2.00024797 0.00000000 1.85173580 1.78387991 
MN2                      1.54126589 1.56801714 1.52148094 1.77718121 1.85173580 0.00000000 1.47364909 
MN3                      0.34704050 0.58380123 0.35146290 1.91012935 1.78387991 1.47364909 0.00000000 
