8
BHV5                     0.00000000 9.00000000 9.00000000 9.00000000 9.00000000 9.00000000 9.00000000 9.00000000 
216_II                   9.00000000 0.00000000 0.02936997 0.03092069 0.02891250 0.03752500 0.08043198 0.07276289 
C33                      9.00000000 0.02936997 0.00000000 0.00227421 0.00216453 0.00799745 0.06733955 0.06173875 
C46                      9.00000000 0.03092069 0.00227421 0.00000000 0.00093887 0.00372276 0.07145343 0.06526358 
Titanium_IBR_MLV_vaccine 9.00000000 0.02891250 0.00216453 0.00093887 0.00000000 0.00634292 0.06808830 0.06217290 
Cooper                   9.00000000 0.03752500 0.00799745 0.00372276 0.00634292 0.00000000 0.07775834 0.07276219 
B589                     9.00000000 0.08043198 0.06733955 0.07145343 0.06808830 0.07775834 0.00000000 0.02986578 
SP1777                   9.00000000 0.07276289 0.06173875 0.06526358 0.06217290 0.07276219 0.02986578 0.00000000 
