50
BHV5                            0.00000000 5.32773585 5.34163097 5.33937262 5.32658193 5.35265764 5.33927880 5.34119592 5.33820298 5.34084440 5.34296727 5.32882360 5.33941973 5.33044169 5.33619718 5.33131620 5.33896368 5.33696731 5.33882137 5.27962700 5.29545666 5.27421463 5.23267354 5.27307756 5.27359027 5.39203300 5.38981265 5.23332266 5.23984529 5.72511710 5.72398067 5.72539784 5.70988128 5.71398671 5.26051015 5.26232879 5.25574091 5.25790492 5.26910295 5.25516012 5.27945578 5.70673153 5.25289578 5.32551867 5.40498688 5.22702360 5.21146068 5.17339852 5.21737691 5.84272818 
MN1                             5.32773585 0.00000000 0.07356220 0.00296349 0.00072106 0.00119978 0.00190558 0.00182611 0.00178438 0.00087800 0.00103566 0.00103209 0.00194640 0.00091581 0.00138603 0.00111060 0.00194445 0.00170462 0.00154631 0.00556014 0.00281871 0.00275175 0.00602793 0.00181480 0.00263164 0.00773772 0.00755186 0.00500428 0.00586102 0.00327976 0.00296015 0.00300569 0.00399975 0.00291237 0.00255949 0.00189484 0.00197881 0.00215243 0.00262462 0.00227485 0.00252459 0.00295468 0.00263666 0.00079824 0.04746489 0.12095894 0.12448869 0.13240373 0.13042450 0.00948328 
MN2                             5.34163097 0.07356220 0.00000000 0.07435823 0.07320586 0.07418555 0.07444712 0.07455375 0.07434366 0.07326643 0.07350502 0.07320227 0.07509442 0.07356854 0.07483765 0.07433541 0.07520135 0.07478654 0.07485586 0.08213297 0.08069683 0.08016253 0.08311666 0.07805931 0.07884545 0.08937423 0.08860467 0.08110596 0.08487242 0.08512326 0.08415907 0.08450184 0.08499738 0.08362926 0.07852886 0.07866763 0.07844655 0.07885246 0.07930505 0.07907052 0.07914324 0.08353217 0.07827531 0.07301044 0.12026407 0.03276206 0.03121607 0.07234966 0.07128538 0.09682674 
MN3                             5.33937262 0.00296349 0.07435823 0.00000000 0.00308501 0.00302281 0.00316874 0.00342917 0.00329645 0.00299846 0.00292326 0.00308743 0.00329801 0.00313426 0.00347341 0.00334094 0.00354784 0.00338487 0.00337844 0.00624948 0.00483568 0.00470413 0.00715106 0.00401134 0.00412994 0.00874555 0.00855043 0.00609725 0.00668870 0.00525217 0.00491146 0.00496023 0.00559112 0.00485927 0.00443800 0.00435984 0.00454099 0.00455566 0.00497731 0.00459276 0.00436209 0.00490239 0.00442378 0.00300332 0.04923000 0.12241448 0.12593030 0.13392912 0.13172565 0.01194927 
MN4                             5.32658193 0.00072106 0.07320586 0.00308501 0.00000000 0.00155582 0.00154585 0.00146714 0.00142629 0.00122759 0.00138771 0.00060688 0.00190471 0.00079902 0.00118891 0.00076114 0.00158448 0.00150511 0.00150511 0.00546789 0.00294613 0.00279217 0.00560009 0.00177197 0.00250142 0.00757906 0.00739465 0.00458927 0.00553054 0.00287173 0.00255655 0.00260144 0.00357953 0.00250973 0.00217962 0.00176904 0.00185257 0.00202502 0.00249470 0.00214707 0.00214408 0.00255183 0.00221473 0.00030138 0.04699325 0.12061174 0.12414460 0.13153400 0.13007729 0.00898311 
MN5                             5.35265764 0.00119978 0.07418555 0.00302281 0.00155582 0.00000000 0.00219730 0.00211574 0.00232131 0.00076516 0.00084404 0.00179722 0.00224756 0.00175721 0.00224911 0.00204153 0.00248491 0.00224609 0.00224560 0.00618860 0.00297428 0.00281965 0.00680378 0.00195580 0.00250921 0.00848322 0.00828963 0.00575230 0.00653360 0.00400117 0.00367149 0.00371849 0.00475060 0.00362168 0.00322545 0.00237444 0.00246054 0.00186288 0.00250944 0.00224773 0.00319159 0.00366462 0.00317117 0.00171623 0.04878570 0.12215938 0.12567860 0.13403469 0.13162107 0.01044774 
MN6                             5.33927880 0.00190558 0.07444712 0.00316874 0.00154585 0.00219730 0.00000000 0.00030271 0.00011220 0.00218264 0.00202197 0.00154707 0.00223336 0.00190874 0.00223490 0.00194837 0.00041682 0.00207026 0.00222730 0.00609508 0.00356019 0.00340554 0.00622608 0.00265841 0.00328509 0.00836294 0.00817139 0.00519604 0.00610406 0.00168403 0.00138106 0.00142421 0.00386608 0.00133737 0.00277402 0.00273899 0.00291114 0.00292030 0.00331851 0.00295833 0.00152268 0.00137936 0.00289406 0.00150732 0.04812527 0.12214420 0.12566396 0.13325368 0.13135922 0.00758175 
MN7                             5.34119592 0.00182611 0.07455375 0.00342917 0.00146714 0.00211574 0.00030271 0.00000000 0.00034106 0.00210495 0.00218926 0.00146829 0.00231895 0.00182907 0.00215448 0.00187071 0.00034055 0.00199250 0.00223152 0.00605578 0.00352058 0.00336483 0.00618463 0.00257644 0.00324440 0.00831928 0.00812852 0.00515474 0.00610933 0.00172943 0.00142567 0.00146889 0.00382303 0.00133822 0.00269235 0.00274236 0.00282925 0.00283815 0.00332288 0.00296219 0.00156560 0.00133605 0.00285561 0.00138873 0.04817246 0.12209131 0.12561323 0.13320710 0.13131605 0.00770019 
MN8                             5.33820298 0.00178438 0.07434366 0.00329645 0.00142629 0.00232131 0.00011220 0.00034106 0.00000000 0.00214425 0.00190050 0.00142741 0.00227199 0.00178732 0.00211162 0.00182682 0.00037902 0.00194787 0.00218856 0.00594671 0.00342490 0.00327180 0.00607844 0.00252868 0.00315150 0.00820081 0.00801075 0.00505300 0.00595755 0.00155321 0.00125187 0.00129478 0.00372332 0.00120848 0.00264431 0.00260910 0.00278040 0.00278912 0.00318515 0.00282719 0.00139859 0.00125033 0.00276413 0.00134743 0.04783757 0.12178772 0.12531035 0.13290143 0.13100199 0.00741773 
MN9                             5.34084440 0.00087800 0.07326643 0.00299846 0.00122759 0.00076516 0.00218264 0.00210495 0.00214425 0.00000000 0.00037822 0.00146423 0.00223076 0.00150617 0.00190663 0.00170358 0.00222158 0.00198423 0.00190370 0.00584650 0.00268863 0.00253879 0.00645395 0.00169029 0.00258849 0.00809395 0.00790544 0.00541995 0.00618978 0.00368811 0.00336451 0.00341063 0.00442175 0.00331584 0.00294028 0.00210255 0.00218712 0.00193943 0.00240719 0.00206119 0.00290618 0.00335828 0.00293280 0.00138490 0.04793590 0.12084740 0.12437827 0.13310239 0.13030830 0.00999946 
MN10                            5.34296727 0.00103566 0.07350502 0.00292326 0.00138771 0.00084404 0.00202197 0.00218926 0.00190050 0.00037822 0.00000000 0.00162620 0.00223262 0.00166871 0.00207232 0.00186748 0.00230978 0.00206956 0.00206911 0.00580982 0.00273643 0.00258577 0.00651361 0.00177601 0.00263566 0.00805823 0.00786941 0.00547639 0.00620107 0.00374084 0.00341612 0.00346241 0.00447732 0.00336725 0.00303103 0.00210611 0.00227485 0.00202623 0.00241130 0.00206467 0.00286842 0.00340979 0.00298054 0.00154622 0.04795991 0.12130000 0.12482681 0.13306211 0.13076092 0.01002951 
MN11                            5.32882360 0.00103209 0.07320227 0.00308743 0.00060688 0.00179722 0.00154707 0.00146829 0.00142741 0.00146423 0.00162620 0.00000000 0.00134575 0.00056908 0.00079985 0.00060694 0.00158573 0.00095436 0.00095435 0.00547279 0.00312270 0.00296639 0.00560507 0.00202294 0.00267448 0.00758616 0.00734478 0.00459346 0.00553563 0.00287426 0.00255879 0.00260372 0.00358288 0.00251192 0.00159635 0.00218667 0.00227151 0.00227857 0.00275284 0.00240123 0.00214585 0.00255406 0.00192426 0.00037804 0.04700598 0.12059646 0.12412932 0.13176196 0.13006179 0.00911792 
MN12                            5.33941973 0.00194640 0.07509442 0.00329801 0.00190471 0.00224756 0.00223336 0.00231895 0.00227199 0.00223076 0.00223262 0.00134575 0.00000000 0.00123018 0.00068406 0.00118963 0.00252088 0.00037810 0.00068410 0.00639758 0.00379818 0.00363291 0.00671908 0.00283629 0.00342394 0.00869565 0.00844194 0.00567535 0.00654766 0.00393568 0.00360816 0.00365485 0.00467709 0.00356018 0.00147444 0.00317597 0.00326461 0.00327443 0.00376696 0.00339944 0.00313429 0.00360292 0.00263935 0.00174513 0.04882381 0.12279536 0.12631113 0.13419103 0.13236227 0.01043714 
MN13                            5.33044169 0.00091581 0.07356854 0.00313426 0.00079902 0.00175721 0.00190874 0.00182907 0.00178732 0.00150617 0.00166871 0.00056908 0.00123018 0.00000000 0.00068439 0.00041603 0.00194767 0.00099476 0.00083966 0.00571824 0.00317207 0.00301487 0.00603789 0.00223605 0.00280816 0.00785412 0.00760957 0.00501364 0.00587206 0.00328583 0.00296558 0.00301121 0.00400743 0.00291771 0.00180466 0.00257014 0.00265627 0.00266459 0.00314607 0.00278820 0.00252898 0.00296009 0.00242982 0.00056883 0.04748262 0.12117472 0.12470252 0.13282937 0.13064040 0.00949972 
MN14                            5.33619718 0.00138603 0.07483765 0.00347341 0.00118891 0.00224911 0.00223490 0.00215448 0.00211162 0.00190663 0.00207232 0.00079985 0.00068406 0.00068439 0.00000000 0.00056863 0.00227414 0.00037777 0.00045468 0.00615188 0.00357241 0.00340993 0.00642517 0.00257736 0.00320188 0.00832544 0.00807575 0.00539007 0.00625615 0.00365510 0.00333075 0.00337698 0.00438801 0.00328333 0.00139168 0.00287172 0.00295932 0.00296818 0.00345521 0.00309250 0.00287317 0.00332591 0.00230077 0.00103308 0.04825376 0.12206729 0.12558879 0.13334692 0.13162213 0.00996105 
MN15                            5.33131620 0.00111060 0.07433541 0.00334094 0.00076114 0.00204153 0.00194837 0.00187071 0.00182682 0.00170358 0.00186748 0.00060694 0.00118963 0.00041603 0.00056863 0.00000000 0.00198731 0.00079924 0.00087757 0.00585829 0.00339127 0.00323256 0.00608709 0.00236239 0.00302518 0.00800998 0.00776375 0.00506130 0.00592082 0.00333064 0.00301000 0.00305569 0.00405508 0.00296203 0.00167807 0.00261238 0.00269863 0.00270709 0.00318923 0.00283077 0.00257119 0.00300443 0.00234319 0.00053102 0.04773356 0.12146894 0.12499274 0.13265899 0.13093076 0.00955026 
PA1                             5.33896368 0.00194445 0.07520135 0.00354784 0.00158448 0.00248491 0.00041682 0.00034055 0.00037902 0.00222158 0.00230978 0.00158573 0.00252088 0.00194767 0.00227414 0.00198731 0.00000000 0.00210935 0.00235117 0.00608900 0.00360408 0.00344898 0.00627301 0.00270081 0.00332853 0.00841372 0.00822176 0.00524185 0.00615067 0.00172714 0.00142375 0.00146696 0.00391228 0.00137966 0.00281637 0.00278141 0.00295378 0.00296308 0.00336186 0.00300109 0.00156363 0.00142116 0.00293644 0.00150590 0.04821293 0.12204929 0.12556989 0.13315982 0.13126411 0.00762860 
PA2                             5.33696731 0.00170462 0.07478654 0.00338487 0.00150511 0.00224609 0.00207026 0.00199250 0.00194787 0.00198423 0.00206956 0.00095436 0.00037810 0.00099476 0.00037777 0.00079924 0.00210935 0.00000000 0.00053102 0.00600111 0.00352383 0.00336348 0.00622949 0.00248947 0.00315572 0.00826656 0.00801767 0.00520008 0.00606211 0.00346749 0.00314543 0.00319133 0.00419591 0.00309841 0.00106693 0.00274021 0.00282729 0.00283572 0.00332001 0.00295965 0.00269892 0.00314087 0.00221429 0.00134758 0.04802629 0.12176266 0.12528518 0.13291693 0.13131291 0.00985388 
PA3                             5.33882137 0.00154631 0.07485586 0.00337844 0.00150511 0.00224560 0.00222730 0.00223152 0.00218856 0.00190370 0.00206911 0.00095435 0.00068410 0.00083966 0.00045468 0.00087757 0.00235117 0.00053102 0.00000000 0.00629575 0.00366037 0.00349680 0.00661484 0.00270463 0.00328855 0.00847799 0.00822678 0.00557525 0.00644440 0.00383839 0.00351224 0.00355874 0.00457632 0.00346450 0.00155689 0.00304286 0.00313098 0.00314037 0.00363013 0.00326499 0.00304439 0.00350715 0.00255632 0.00134757 0.04852385 0.12243878 0.12595739 0.13404575 0.13199445 0.01031137 
C14_CSU_034_10640               5.27962700 0.00556014 0.08213297 0.00624948 0.00546789 0.00618860 0.00609508 0.00605578 0.00594671 0.00584650 0.00580982 0.00547279 0.00639758 0.00571824 0.00615188 0.00585829 0.00608900 0.00600111 0.00629575 0.00000000 0.00499511 0.00523368 0.00395016 0.00438909 0.00456753 0.00640527 0.00637826 0.00338372 0.00469916 0.00515349 0.00490896 0.00514575 0.00411147 0.00500704 0.00491802 0.00442467 0.00447266 0.00477047 0.00503884 0.00475400 0.00458170 0.00501124 0.00447466 0.00537435 0.04696264 0.11918056 0.12171361 0.13033521 0.13000179 0.01280586 
C18                             5.29545666 0.00281871 0.08069683 0.00483568 0.00294613 0.00297428 0.00356019 0.00352058 0.00342490 0.00268863 0.00273643 0.00312270 0.00379818 0.00317207 0.00357241 0.00339127 0.00360408 0.00352383 0.00366037 0.00499511 0.00000000 0.00206934 0.00492862 0.00158157 0.00220851 0.00700776 0.00738068 0.00412439 0.00510124 0.00311729 0.00288706 0.00293207 0.00378077 0.00280004 0.00291443 0.00174385 0.00170281 0.00191330 0.00224939 0.00174657 0.00258069 0.00271034 0.00259202 0.00303297 0.04746907 0.12093801 0.12321150 0.13264895 0.13119114 0.00984875 
C26                             5.27421463 0.00275175 0.08016253 0.00470413 0.00279217 0.00281965 0.00340554 0.00336483 0.00327180 0.00253879 0.00258577 0.00296639 0.00363291 0.00301487 0.00340993 0.00323256 0.00344898 0.00336348 0.00349680 0.00523368 0.00206934 0.00000000 0.00497536 0.00164990 0.00227852 0.00739453 0.00731237 0.00436103 0.00561888 0.00309357 0.00286523 0.00290881 0.00374125 0.00260190 0.00271965 0.00189242 0.00177045 0.00181708 0.00231435 0.00189537 0.00239543 0.00251351 0.00240126 0.00287792 0.04698020 0.12088521 0.12350149 0.13339002 0.13199125 0.00978031 
C28_55771                       5.23267354 0.00602793 0.08311666 0.00715106 0.00560009 0.00680378 0.00622608 0.00618463 0.00607844 0.00645395 0.00651361 0.00560507 0.00671908 0.00603789 0.00642517 0.00608709 0.00627301 0.00622949 0.00661484 0.00395016 0.00492862 0.00497536 0.00000000 0.00393701 0.00446754 0.00533659 0.00526786 0.00143696 0.00329416 0.00494536 0.00470534 0.00484244 0.00263587 0.00500542 0.00473426 0.00420887 0.00439655 0.00453408 0.00499484 0.00461499 0.00438665 0.00490661 0.00430898 0.00550710 0.04806079 0.12228006 0.12384903 0.13237974 0.13144761 0.01339022 
C29                             5.27307756 0.00181480 0.07805931 0.00401134 0.00177197 0.00195580 0.00265841 0.00257644 0.00252868 0.00169029 0.00177601 0.00202294 0.00283629 0.00223605 0.00257736 0.00236239 0.00270081 0.00248947 0.00270463 0.00438909 0.00158157 0.00164990 0.00393701 0.00000000 0.00145794 0.00647927 0.00640334 0.00300177 0.00446414 0.00199475 0.00177683 0.00181895 0.00252588 0.00190517 0.00188945 0.00065365 0.00049850 0.00053803 0.00073503 0.00049852 0.00165375 0.00181829 0.00157610 0.00193796 0.04493518 0.11998804 0.12135548 0.13076518 0.13054321 0.00844599 
C33                             5.27359027 0.00263164 0.07884545 0.00412994 0.00250142 0.00250921 0.00328509 0.00324440 0.00315150 0.00258849 0.00263566 0.00267448 0.00342394 0.00280816 0.00320188 0.00302518 0.00332853 0.00315572 0.00328855 0.00456753 0.00220851 0.00227852 0.00446754 0.00145794 0.00000000 0.00683324 0.00686723 0.00363643 0.00494653 0.00257624 0.00226466 0.00230776 0.00285097 0.00221980 0.00243664 0.00157583 0.00157554 0.00157096 0.00211600 0.00169868 0.00219723 0.00217263 0.00191253 0.00258671 0.04602999 0.11944083 0.12137431 0.13064713 0.13026290 0.00937245 
C35_1839_9847                   5.39203300 0.00773772 0.08937423 0.00874555 0.00757906 0.00848322 0.00836294 0.00831928 0.00820081 0.00809395 0.00805823 0.00758616 0.00869565 0.00785412 0.00832544 0.00800998 0.00841372 0.00826656 0.00847799 0.00640527 0.00700776 0.00739453 0.00533659 0.00647927 0.00683324 0.00000000 0.00042778 0.00404654 0.00507634 0.00763406 0.00757854 0.00757008 0.00509819 0.00759947 0.00736265 0.00672613 0.00657668 0.00679294 0.00731138 0.00687794 0.00689044 0.00748729 0.00605669 0.00747835 0.05323378 0.12732253 0.12908225 0.13641473 0.13539686 0.01502748 
C36_876_459                     5.38981265 0.00755186 0.08860467 0.00855043 0.00739465 0.00828963 0.00817139 0.00812852 0.00801075 0.00790544 0.00786941 0.00734478 0.00844194 0.00760957 0.00807575 0.00776375 0.00822176 0.00801767 0.00822678 0.00637826 0.00738068 0.00731237 0.00526786 0.00640334 0.00686723 0.00042778 0.00000000 0.00399254 0.00515794 0.00754674 0.00749131 0.00748327 0.00502733 0.00751220 0.00722568 0.00664825 0.00649973 0.00671447 0.00722957 0.00679910 0.00681164 0.00740079 0.00598311 0.00729476 0.05250705 0.12658825 0.12836898 0.13577539 0.13453099 0.01468608 
C42                             5.23332266 0.00500428 0.08110596 0.00609725 0.00458927 0.00575230 0.00519604 0.00515474 0.00505300 0.00541995 0.00547639 0.00459346 0.00567535 0.00501364 0.00539007 0.00506130 0.00524185 0.00520008 0.00557525 0.00338372 0.00412439 0.00436103 0.00143696 0.00300177 0.00363643 0.00404654 0.00399254 0.00000000 0.00173190 0.00397781 0.00365461 0.00374585 0.00131059 0.00426861 0.00412665 0.00343453 0.00366307 0.00388538 0.00403171 0.00379153 0.00378617 0.00426457 0.00362487 0.00449879 0.04627391 0.11964308 0.12223185 0.12948573 0.12875202 0.01170770 
C43                             5.23984529 0.00586102 0.08487242 0.00668870 0.00553054 0.00653360 0.00610406 0.00610933 0.00595755 0.00618978 0.00620107 0.00553563 0.00654766 0.00587206 0.00625615 0.00592082 0.00615067 0.00606211 0.00644440 0.00469916 0.00510124 0.00561888 0.00329416 0.00446414 0.00494653 0.00507634 0.00515794 0.00173190 0.00000000 0.00490267 0.00494441 0.00568321 0.00303899 0.00667818 0.00657325 0.00464685 0.00473468 0.00514574 0.00530976 0.00491710 0.00667806 0.00704160 0.00464916 0.00543826 0.05183341 0.12404148 0.12340919 0.13332529 0.13174305 0.01256192 
C44                             5.72511710 0.00327976 0.08512326 0.00525217 0.00287173 0.00400117 0.00168403 0.00172943 0.00155321 0.00368811 0.00374084 0.00287426 0.00393568 0.00328583 0.00365510 0.00333064 0.00172714 0.00346749 0.00383839 0.00515349 0.00311729 0.00309357 0.00494536 0.00199475 0.00257624 0.00763406 0.00754674 0.00397781 0.00490267 0.00000000 0.00035832 0.00039920 0.00264758 0.00060214 0.00270818 0.00216126 0.00203213 0.00233963 0.00252469 0.00224929 0.00109935 0.00052182 0.00225340 0.00278234 0.04976097 0.12715154 0.12958835 0.13785458 0.13653446 0.00387704 
C45                             5.72398067 0.00296015 0.08415907 0.00491146 0.00255655 0.00367149 0.00138106 0.00142567 0.00125187 0.00336451 0.00341612 0.00255879 0.00360816 0.00296558 0.00333075 0.00301000 0.00142375 0.00314543 0.00351224 0.00490896 0.00288706 0.00286523 0.00470534 0.00177683 0.00226466 0.00757854 0.00749131 0.00365461 0.00494441 0.00035832 0.00000000 0.00003950 0.00225380 0.00023831 0.00248815 0.00194239 0.00181445 0.00211856 0.00230108 0.00202939 0.00089080 0.00031933 0.00186460 0.00246807 0.04902382 0.12683583 0.12939709 0.13852522 0.13824419 0.00396829 
C46                             5.72539784 0.00300569 0.08450184 0.00496023 0.00260144 0.00371849 0.00142421 0.00146889 0.00129478 0.00341063 0.00346241 0.00260372 0.00365485 0.00301121 0.00337698 0.00305569 0.00146696 0.00319133 0.00355874 0.00514575 0.00293207 0.00290881 0.00484244 0.00181895 0.00230776 0.00757008 0.00748327 0.00374585 0.00568321 0.00039920 0.00003950 0.00000000 0.00229586 0.00027858 0.00294126 0.00198484 0.00185674 0.00216055 0.00234333 0.00207124 0.00093073 0.00035906 0.00190619 0.00251284 0.04904271 0.12700957 0.12943951 0.13856658 0.13855029 0.00401807 
C47                             5.70988128 0.00399975 0.08499738 0.00559112 0.00357953 0.00475060 0.00386608 0.00382303 0.00372332 0.00442175 0.00447732 0.00358288 0.00467709 0.00400743 0.00438801 0.00405508 0.00391228 0.00419591 0.00457632 0.00411147 0.00378077 0.00374125 0.00263587 0.00252588 0.00285097 0.00509819 0.00502733 0.00131059 0.00303899 0.00264758 0.00225380 0.00229586 0.00000000 0.00255796 0.00330930 0.00274220 0.00260990 0.00287618 0.00311387 0.00282954 0.00278388 0.00259703 0.00234553 0.00348773 0.04759102 0.12733897 0.12894420 0.13693958 0.13599257 0.00698871 
Nasalgen_IP_MLV_vaccine         5.71398671 0.00291237 0.08362926 0.00485927 0.00250973 0.00362168 0.00133737 0.00133822 0.00120848 0.00331584 0.00336725 0.00251192 0.00356018 0.00291771 0.00328333 0.00296203 0.00137966 0.00309841 0.00346450 0.00500704 0.00280004 0.00260190 0.00500542 0.00190517 0.00221980 0.00759947 0.00751220 0.00426861 0.00667818 0.00060214 0.00023831 0.00027858 0.00255796 0.00000000 0.00263159 0.00194273 0.00198294 0.00216456 0.00260400 0.00215726 0.00064303 0.00015774 0.00173361 0.00242242 0.04917822 0.12663385 0.13014246 0.13844921 0.13879934 0.00445525 
TSV-2_Nasal_MLV_vaccine         5.26051015 0.00255949 0.07852886 0.00443800 0.00217962 0.00322545 0.00277402 0.00269235 0.00264431 0.00294028 0.00303103 0.00159635 0.00147444 0.00180466 0.00139168 0.00167807 0.00281637 0.00106693 0.00155689 0.00491802 0.00291443 0.00271965 0.00473426 0.00188945 0.00243664 0.00736265 0.00722568 0.00412665 0.00657325 0.00270818 0.00248815 0.00294126 0.00330930 0.00263159 0.00000000 0.00192476 0.00176244 0.00188663 0.00226258 0.00200504 0.00234230 0.00254041 0.00124518 0.00201302 0.04682737 0.12054777 0.12299679 0.13204014 0.13127605 0.00946335 
BoviShield_Gold_FP5_MLV_vaccine 5.26232879 0.00189484 0.07866763 0.00435984 0.00176904 0.00237444 0.00273899 0.00274236 0.00260910 0.00210255 0.00210611 0.00218667 0.00317597 0.00257014 0.00287172 0.00261238 0.00278141 0.00274021 0.00304286 0.00442467 0.00174385 0.00189242 0.00420887 0.00065365 0.00157583 0.00672613 0.00664825 0.00343453 0.00464685 0.00216126 0.00194239 0.00198484 0.00274220 0.00194273 0.00192476 0.00000000 0.00026587 0.00080859 0.00100765 0.00045843 0.00165047 0.00190005 0.00157145 0.00210128 0.04490227 0.11907786 0.12176002 0.12997355 0.12971028 0.00859185 
BovSh_IBR_MLV_vaccine           5.25574091 0.00197881 0.07844655 0.00454099 0.00185257 0.00246054 0.00291114 0.00282925 0.00278040 0.00218712 0.00227485 0.00227151 0.00326461 0.00265627 0.00295932 0.00269863 0.00295378 0.00282729 0.00313098 0.00447266 0.00170281 0.00177045 0.00439655 0.00049850 0.00157554 0.00657668 0.00649973 0.00366307 0.00473468 0.00203213 0.00181445 0.00185674 0.00260990 0.00198294 0.00176244 0.00026587 0.00000000 0.00073087 0.00104649 0.00065111 0.00152910 0.00202882 0.00157072 0.00218587 0.04547572 0.11930027 0.12197235 0.13007420 0.12990730 0.00886584 
Vista_IBR_MLV_vaccine           5.25790492 0.00215243 0.07885246 0.00455566 0.00202502 0.00186288 0.00292030 0.00283815 0.00278912 0.00193943 0.00202623 0.00227857 0.00327443 0.00266459 0.00296818 0.00270709 0.00296308 0.00283572 0.00314037 0.00477047 0.00191330 0.00181708 0.00453408 0.00053803 0.00157096 0.00679294 0.00671447 0.00388538 0.00514574 0.00233963 0.00211856 0.00216055 0.00287618 0.00216456 0.00188663 0.00080859 0.00073087 0.00000000 0.00076896 0.00045589 0.00165261 0.00198770 0.00177948 0.00219258 0.04495606 0.12206846 0.12273438 0.13269950 0.13352981 0.00919342 
Pyramid_IBR_MLV_vaccine         5.26910295 0.00262462 0.07930505 0.00497731 0.00249470 0.00250944 0.00331851 0.00332288 0.00318515 0.00240719 0.00241130 0.00275284 0.00376696 0.00314607 0.00345521 0.00318923 0.00336186 0.00332001 0.00363013 0.00503884 0.00224939 0.00231435 0.00499484 0.00073503 0.00211600 0.00731138 0.00722957 0.00403171 0.00530976 0.00252469 0.00230108 0.00234333 0.00311387 0.00260400 0.00226258 0.00100765 0.00104649 0.00076896 0.00000000 0.00053463 0.00214909 0.00260718 0.00223762 0.00266503 0.04628445 0.12046707 0.12247141 0.13083234 0.13154328 0.00950360 
Express1_IBR_MLV_vaccine        5.25516012 0.00227485 0.07907052 0.00459276 0.00214707 0.00224773 0.00295833 0.00296219 0.00282719 0.00206119 0.00206467 0.00240123 0.00339944 0.00278820 0.00309250 0.00283077 0.00300109 0.00295965 0.00326499 0.00475400 0.00174657 0.00189537 0.00461499 0.00049852 0.00169868 0.00687794 0.00679910 0.00379153 0.00491710 0.00224929 0.00202939 0.00207124 0.00282954 0.00215726 0.00200504 0.00045843 0.00065111 0.00045589 0.00053463 0.00000000 0.00173066 0.00215887 0.00181582 0.00231497 0.04491375 0.12091208 0.12203485 0.13111433 0.13183190 0.00888764 
Titanium_IBR_MLV_vaccine        5.27945578 0.00252459 0.07914324 0.00436209 0.00214408 0.00319159 0.00152268 0.00156560 0.00139859 0.00290618 0.00286842 0.00214585 0.00313429 0.00252898 0.00287317 0.00257119 0.00156363 0.00269892 0.00304439 0.00458170 0.00258069 0.00239543 0.00438665 0.00165375 0.00219723 0.00689044 0.00681164 0.00378617 0.00667806 0.00109935 0.00089080 0.00093073 0.00278388 0.00064303 0.00234230 0.00165047 0.00152910 0.00165261 0.00214909 0.00173066 0.00000000 0.00056106 0.00169360 0.00206056 0.04511155 0.12066711 0.12309623 0.13167940 0.13207742 0.00722694 
Arsenal_IBR_MLV_vaccine         5.70673153 0.00295468 0.08353217 0.00490239 0.00255183 0.00366462 0.00137936 0.00133605 0.00125033 0.00335828 0.00340979 0.00255406 0.00360292 0.00296009 0.00332591 0.00300443 0.00142116 0.00314087 0.00350715 0.00501124 0.00271034 0.00251351 0.00490661 0.00181829 0.00217263 0.00748729 0.00740079 0.00426457 0.00704160 0.00052182 0.00031933 0.00035906 0.00259703 0.00015774 0.00254041 0.00190005 0.00202882 0.00198770 0.00260718 0.00215887 0.00056106 0.00000000 0.00190488 0.00246450 0.04906000 0.12691755 0.12985219 0.13851772 0.13924601 0.00455272 
VR188_Los_Angeles               5.25289578 0.00263666 0.07827531 0.00442378 0.00221473 0.00317117 0.00289406 0.00285561 0.00276413 0.00293280 0.00298054 0.00192426 0.00263935 0.00242982 0.00230077 0.00234319 0.00293644 0.00221429 0.00255632 0.00447466 0.00259202 0.00240126 0.00430898 0.00157610 0.00191253 0.00605669 0.00598311 0.00362487 0.00464916 0.00225340 0.00186460 0.00190619 0.00234553 0.00173361 0.00124518 0.00157145 0.00157072 0.00177948 0.00223762 0.00181582 0.00169360 0.00190488 0.00000000 0.00204843 0.04460617 0.11862554 0.12104353 0.12855426 0.12701877 0.00899953 
NVSL_challenge_97_11            5.32551867 0.00079824 0.07301044 0.00300332 0.00030138 0.00171623 0.00150732 0.00138873 0.00134743 0.00138490 0.00154622 0.00037804 0.00174513 0.00056883 0.00103308 0.00053102 0.00150590 0.00134758 0.00134757 0.00537435 0.00303297 0.00287792 0.00550710 0.00193796 0.00258671 0.00747835 0.00729476 0.00449879 0.00543826 0.00278234 0.00246807 0.00251284 0.00348773 0.00242242 0.00201302 0.00210128 0.00218587 0.00219258 0.00266503 0.00231497 0.00206056 0.00246450 0.00204843 0.00000000 0.04691450 0.12037026 0.12390520 0.13153904 0.12983566 0.00887936 
216_II                          5.40498688 0.04746489 0.12026407 0.04923000 0.04699325 0.04878570 0.04812527 0.04817246 0.04783757 0.04793590 0.04795991 0.04700598 0.04882381 0.04748262 0.04825376 0.04773356 0.04821293 0.04802629 0.04852385 0.04696264 0.04746907 0.04698020 0.04806079 0.04493518 0.04602999 0.05323378 0.05250705 0.04627391 0.05183341 0.04976097 0.04902382 0.04904271 0.04759102 0.04917822 0.04682737 0.04490227 0.04547572 0.04495606 0.04628445 0.04491375 0.04511155 0.04906000 0.04460617 0.04691450 0.00000000 0.13775509 0.13984784 0.13885854 0.15170634 0.06193126 
SP1777                          5.22702360 0.12095894 0.03276206 0.12241448 0.12061174 0.12215938 0.12214420 0.12209131 0.12178772 0.12084740 0.12130000 0.12059646 0.12279536 0.12117472 0.12206729 0.12146894 0.12204929 0.12176266 0.12243878 0.11918056 0.12093801 0.12088521 0.12228006 0.11998804 0.11944083 0.12732253 0.12658825 0.11964308 0.12404148 0.12715154 0.12683583 0.12700957 0.12733897 0.12663385 0.12054777 0.11907786 0.11930027 0.12206846 0.12046707 0.12091208 0.12066711 0.12691755 0.11862554 0.12037026 0.13775509 0.00000000 0.00799609 0.04079757 0.04657828 0.13923635 
SM023                           5.21146068 0.12448869 0.03121607 0.12593030 0.12414460 0.12567860 0.12566396 0.12561323 0.12531035 0.12437827 0.12482681 0.12412932 0.12631113 0.12470252 0.12558879 0.12499274 0.12556989 0.12528518 0.12595739 0.12171361 0.12321150 0.12350149 0.12384903 0.12135548 0.12137431 0.12908225 0.12836898 0.12223185 0.12340919 0.12958835 0.12939709 0.12943951 0.12894420 0.13014246 0.12299679 0.12176002 0.12197235 0.12273438 0.12247141 0.12203485 0.12309623 0.12985219 0.12104353 0.12390520 0.13984784 0.00799609 0.00000000 0.03938133 0.04220171 0.14288146 
K22                             5.17339852 0.13240373 0.07234966 0.13392912 0.13153400 0.13403469 0.13325368 0.13320710 0.13290143 0.13310239 0.13306211 0.13176196 0.13419103 0.13282937 0.13334692 0.13265899 0.13315982 0.13291693 0.13404575 0.13033521 0.13264895 0.13339002 0.13237974 0.13076518 0.13064713 0.13641473 0.13577539 0.12948573 0.13332529 0.13785458 0.13852522 0.13856658 0.13693958 0.13844921 0.13204014 0.12997355 0.13007420 0.13269950 0.13083234 0.13111433 0.13167940 0.13851772 0.12855426 0.13153904 0.13885854 0.04079757 0.03938133 0.00000000 0.04533644 0.15013750 
B589                            5.21737691 0.13042450 0.07128538 0.13172565 0.13007729 0.13162107 0.13135922 0.13131605 0.13100199 0.13030830 0.13076092 0.13006179 0.13236227 0.13064040 0.13162213 0.13093076 0.13126411 0.13131291 0.13199445 0.13000179 0.13119114 0.13199125 0.13144761 0.13054321 0.13026290 0.13539686 0.13453099 0.12875202 0.13174305 0.13653446 0.13824419 0.13855029 0.13599257 0.13879934 0.13127605 0.12971028 0.12990730 0.13352981 0.13154328 0.13183190 0.13207742 0.13924601 0.12701877 0.12983566 0.15170634 0.04657828 0.04220171 0.04533644 0.00000000 0.14775068 
Cooper                          5.84272818 0.00948328 0.09682674 0.01194927 0.00898311 0.01044774 0.00758175 0.00770019 0.00741773 0.00999946 0.01002951 0.00911792 0.01043714 0.00949972 0.00996105 0.00955026 0.00762860 0.00985388 0.01031137 0.01280586 0.00984875 0.00978031 0.01339022 0.00844599 0.00937245 0.01502748 0.01468608 0.01170770 0.01256192 0.00387704 0.00396829 0.00401807 0.00698871 0.00445525 0.00946335 0.00859185 0.00886584 0.00919342 0.00950360 0.00888764 0.00722694 0.00455272 0.00899953 0.00887936 0.06193126 0.13923635 0.14288146 0.15013750 0.14775068 0.00000000 
