7
C33                      0.00000000 0.21817126 0.15041471 2.83726316 1.77013768 1.54126459 0.34704014 
C46                      0.21817126 0.00000000 0.07541768 2.85279136 1.80954790 1.56801593 0.58380041 
Titanium_IBR_MLV_vaccine 0.15041471 0.07541768 0.00000000 3.06415225 1.75860938 1.52147967 0.35146255 
Cooper                   2.83726316 2.85279136 3.06415225 0.00000000 2.00024594 1.77717951 1.91012438 
K22                      1.77013768 1.80954790 1.75860938 2.00024594 0.00000000 1.85173374 1.78387830 
MN2                      1.54126459 1.56801593 1.52147967 1.77717951 1.85173374 0.00000000 1.47364785 
MN3                      0.34704014 0.58380041 0.35146255 1.91012438 1.78387830 1.47364785 0.00000000 
