34
BHV5                            0.00000000 5.33458061 5.33175739 5.34457545 5.33173561 5.33355093 5.33180027 5.32868648 5.33136988 5.33120514 5.27465850 5.28974962 5.26939133 5.22963998 5.26841555 5.26889635 5.38004688 5.23009357 5.23644858 5.70087854 5.70125018 5.68636031 5.69044411 5.25644219 5.25811345 5.25137452 5.27459028 5.24907630 5.39594055 5.22500842 5.21002797 5.17364946 5.21608826 5.81281419 
MN2                             5.33458061 0.00000000 0.07371186 0.07355819 0.07380280 0.07391712 0.07446896 0.07420986 0.07457738 0.07422283 0.08172963 0.08022452 0.07967091 0.08275178 0.07750875 0.07833316 0.08837962 0.08066765 0.08451337 0.08475681 0.08412130 0.08464898 0.08323735 0.07800394 0.07813834 0.07856390 0.07862459 0.07775068 0.12094229 0.03234513 0.03087576 0.07192693 0.07081952 0.09688946 
MN3                             5.33175739 0.07371186 0.00000000 0.00301627 0.00316235 0.00342155 0.00329098 0.00346542 0.00353985 0.00337120 0.00622152 0.00481946 0.00468918 0.00711572 0.00400034 0.00411756 0.00850344 0.00607123 0.00665995 0.00523459 0.00494442 0.00557040 0.00484331 0.00442437 0.00434683 0.00457793 0.00434918 0.00440985 0.04889920 0.12314276 0.12674758 0.13494753 0.13269320 0.01185897 
MN5                             5.34457545 0.07355819 0.00301627 0.00000000 0.00219359 0.00211232 0.00224345 0.00224494 0.00248021 0.00224156 0.00616003 0.00296637 0.00281272 0.00676997 0.00195209 0.00250381 0.00824363 0.00572761 0.00650489 0.00398935 0.00370810 0.00473391 0.00361120 0.00321683 0.00236922 0.00224275 0.00318336 0.00316259 0.04847656 0.12288102 0.12648882 0.13505372 0.13258423 0.01037081 
MN6                             5.33173561 0.07380280 0.00316235 0.00219359 0.00000000 0.00030259 0.00222979 0.00223126 0.00041661 0.00222393 0.00606853 0.00355076 0.00339698 0.00619789 0.00265302 0.00327675 0.00812804 0.00517612 0.00607963 0.00168151 0.00142232 0.00385499 0.00133546 0.00276786 0.00273310 0.00295123 0.00152050 0.00288720 0.04779813 0.12286524 0.12647456 0.13425549 0.13231784 0.00753304 
MN7                             5.33355093 0.07391712 0.00342155 0.00211232 0.00030259 0.00000000 0.00231495 0.00215101 0.00034041 0.00222796 0.00602933 0.00351122 0.00335635 0.00615656 0.00257125 0.00323613 0.00808533 0.00513492 0.00608471 0.00172675 0.00146686 0.00381202 0.00133630 0.00268640 0.00273638 0.00295498 0.00156327 0.00284882 0.04784831 0.12281104 0.12642248 0.13420741 0.13227331 0.00765023 
MN12                            5.33180027 0.07446896 0.00329098 0.00224345 0.00222979 0.00231495 0.00000000 0.00068363 0.00251634 0.00068367 0.00636858 0.00378725 0.00362318 0.00668700 0.00283012 0.00341482 0.00839610 0.00565212 0.00651989 0.00392487 0.00364541 0.00466165 0.00355062 0.00147241 0.00316828 0.00339035 0.00312684 0.00263351 0.04849702 0.12353378 0.12713821 0.13521609 0.13334622 0.01036168 
MN14                            5.32868648 0.07420986 0.00346542 0.00224494 0.00223126 0.00215101 0.00068363 0.00000000 0.00227039 0.00045444 0.00612476 0.00356262 0.00340126 0.00639539 0.00257216 0.00319379 0.00803318 0.00536880 0.00623054 0.00364566 0.00336881 0.00437422 0.00327505 0.00138987 0.00286528 0.00308478 0.00286679 0.00229615 0.04792889 0.12278644 0.12639746 0.13435083 0.13258731 0.00989076 
PA1                             5.33136988 0.07457738 0.00353985 0.00248021 0.00041661 0.00034041 0.00251634 0.00227039 0.00000000 0.00234733 0.00606266 0.00359446 0.00344024 0.00624448 0.00269528 0.00332001 0.00817799 0.00522165 0.00612593 0.00172452 0.00146498 0.00390097 0.00137766 0.00281006 0.00277537 0.00299382 0.00156135 0.00292942 0.04788501 0.12276779 0.12637828 0.13415990 0.13222084 0.00757949 
PA3                             5.33120514 0.07422283 0.00337120 0.00224156 0.00222393 0.00222796 0.00068367 0.00045444 0.00234733 0.00000000 0.00626764 0.00365018 0.00348776 0.00658370 0.00269901 0.00328010 0.00818296 0.00555282 0.00641752 0.00382814 0.00354981 0.00456156 0.00345546 0.00155463 0.00303577 0.00325656 0.00303738 0.00255070 0.04819653 0.12316777 0.12677551 0.13506746 0.13296923 0.01023733 
C14_CSU_034_10640               5.27465850 0.08172963 0.00622152 0.00616003 0.00606853 0.00602933 0.00636858 0.00612476 0.00606266 0.00626764 0.00000000 0.00497783 0.00521535 0.00393787 0.00437613 0.00455251 0.00635018 0.00337448 0.00468423 0.00513568 0.00512813 0.00409942 0.00498963 0.00490153 0.00441142 0.00473814 0.00456700 0.00446053 0.04661133 0.11982168 0.12242329 0.13127055 0.13093164 0.01270399 
C18                             5.28974962 0.08022452 0.00481946 0.00296637 0.00355076 0.00351122 0.00378725 0.00356262 0.00359446 0.00365018 0.00497783 0.00000000 0.00206612 0.00491218 0.00157952 0.00220466 0.00734575 0.00411249 0.00508466 0.00311058 0.00292612 0.00377073 0.00279454 0.00290831 0.00174143 0.00174406 0.00257585 0.00258712 0.04710125 0.12162746 0.12396117 0.13364066 0.13214943 0.00977949 
C26                             5.26939133 0.07967091 0.00468918 0.00281272 0.00339698 0.00335635 0.00362318 0.00340126 0.00344024 0.00348776 0.00521535 0.00206612 0.00000000 0.00495910 0.00164785 0.00227467 0.00727859 0.00434835 0.00559950 0.00308723 0.00290321 0.00373195 0.00259729 0.00271460 0.00188981 0.00189265 0.00239136 0.00239731 0.04660353 0.12157281 0.12425849 0.13439954 0.13297002 0.00971229 
C28_55771                       5.22963998 0.08275178 0.00711572 0.00676997 0.00619789 0.00615656 0.00668700 0.00639539 0.00624448 0.00658370 0.00393787 0.00491218 0.00495910 0.00000000 0.00392657 0.00445310 0.00524821 0.00143529 0.00328682 0.00492906 0.00482684 0.00263069 0.00498750 0.00471870 0.00419648 0.00459968 0.00437314 0.00429503 0.04772900 0.12300467 0.12461373 0.13336166 0.13240981 0.01328091 
C29                             5.26841555 0.07750875 0.00400034 0.00195209 0.00265302 0.00257125 0.00283012 0.00257216 0.00269528 0.00269901 0.00437613 0.00157952 0.00164785 0.00392657 0.00000000 0.00145619 0.00637701 0.00299542 0.00445169 0.00199196 0.00181663 0.00252135 0.00190259 0.00188686 0.00065331 0.00049827 0.00165168 0.00157428 0.04456023 0.12065072 0.12205525 0.13170805 0.13148457 0.00839109 
C33                             5.26889635 0.07833316 0.00411756 0.00250381 0.00327675 0.00323613 0.00341482 0.00319379 0.00332001 0.00328010 0.00455251 0.00220466 0.00227467 0.00445310 0.00145619 0.00000000 0.00683548 0.00362637 0.00493016 0.00257148 0.00230388 0.00284496 0.00221610 0.00243232 0.00157375 0.00169624 0.00219361 0.00190971 0.04568378 0.12008921 0.12207490 0.13158570 0.13119477 0.00930729 
C36_876_459                     5.38004688 0.08837962 0.00850344 0.00824363 0.00812804 0.00808533 0.00839610 0.00803318 0.00817799 0.00818296 0.00635018 0.00734575 0.00727859 0.00524821 0.00637701 0.00683548 0.00000000 0.00398060 0.00514064 0.00751095 0.00744818 0.00500992 0.00747568 0.00719209 0.00661955 0.00676881 0.00678123 0.00595860 0.05215835 0.12742843 0.12925282 0.13684459 0.13557652 0.01456437 
C42                             5.23009357 0.08066765 0.00607123 0.00572761 0.00517612 0.00513492 0.00565212 0.00536880 0.00522165 0.00555282 0.00337448 0.00411249 0.00434835 0.00143529 0.00299542 0.00362637 0.00398060 0.00000000 0.00172956 0.00396680 0.00373600 0.00130920 0.00425510 0.00411456 0.00342597 0.00378068 0.00377587 0.00361458 0.04594578 0.12029813 0.12295476 0.13039478 0.12964561 0.01161694 
C43                             5.23644858 0.08451337 0.00665995 0.00650489 0.00607963 0.00608471 0.00651989 0.00623054 0.00612593 0.00641752 0.00468423 0.00508466 0.00559950 0.00328682 0.00445169 0.00493016 0.00514064 0.00172956 0.00000000 0.00488728 0.00566244 0.00303275 0.00664839 0.00654486 0.00463288 0.00490131 0.00664802 0.00463479 0.05148869 0.12481326 0.12416348 0.13433638 0.13271642 0.01246377 
C44                             5.70087854 0.08475681 0.00523459 0.00398935 0.00168151 0.00172675 0.00392487 0.00364566 0.00172452 0.00382814 0.00513568 0.00311058 0.00308723 0.00492906 0.00199196 0.00257148 0.00751095 0.00396680 0.00488728 0.00000000 0.00039904 0.00264252 0.00060183 0.00270318 0.00215805 0.00224572 0.00109844 0.00224988 0.04939789 0.12801218 0.13050811 0.13898412 0.13763462 0.00386082 
C46                             5.70125018 0.08412130 0.00494442 0.00370810 0.00142232 0.00146686 0.00364541 0.00336881 0.00146498 0.00354981 0.00512813 0.00292612 0.00290321 0.00482684 0.00181663 0.00230388 0.00744818 0.00373600 0.00566244 0.00039904 0.00000000 0.00229195 0.00027849 0.00293497 0.00198214 0.00206820 0.00093007 0.00190361 0.04868123 0.12786632 0.13035548 0.13970974 0.13969802 0.00400114 
C47                             5.68636031 0.08464898 0.00557040 0.00473391 0.00385499 0.00381202 0.00466165 0.00437422 0.00390097 0.00456156 0.00409942 0.00377073 0.00373195 0.00263069 0.00252135 0.00284496 0.00500992 0.00130920 0.00303275 0.00264252 0.00229195 0.00000000 0.00255319 0.00330179 0.00273690 0.00282378 0.00277836 0.00234153 0.04724474 0.12820426 0.12984786 0.13804474 0.13707957 0.00694846 
Nasalgen_IP_MLV_vaccine         5.69044411 0.08323735 0.00484331 0.00361120 0.00133546 0.00133630 0.00355062 0.00327505 0.00137766 0.00345546 0.00498963 0.00279454 0.00259729 0.00498750 0.00190259 0.00221610 0.00747568 0.00425510 0.00664839 0.00060183 0.00027849 0.00255319 0.00000000 0.00262637 0.00194001 0.00215369 0.00064268 0.00173127 0.04884748 0.12748008 0.13107460 0.13958854 0.13995213 0.00443497 
TSV-2_Nasal_MLV_vaccine         5.25644219 0.07800394 0.00442437 0.00321683 0.00276786 0.00268640 0.00147241 0.00138987 0.00281006 0.00155463 0.00490153 0.00290831 0.00271460 0.00471870 0.00188686 0.00243232 0.00719209 0.00411456 0.00654486 0.00270318 0.00293497 0.00330179 0.00262637 0.00000000 0.00192209 0.00200206 0.00233794 0.00124400 0.04647086 0.12122512 0.12373922 0.13301320 0.13223452 0.00939811 
BoviShield_Gold_FP5_MLV_vaccine 5.25811345 0.07813834 0.00434683 0.00236922 0.00273310 0.00273638 0.00316828 0.00286528 0.00277537 0.00303577 0.00441142 0.00174143 0.00188981 0.00419648 0.00065331 0.00157375 0.00661955 0.00342597 0.00463288 0.00215805 0.00198214 0.00273690 0.00194001 0.00192209 0.00000000 0.00045821 0.00164841 0.00156964 0.04453148 0.11971580 0.12247035 0.13089510 0.13062880 0.00853530 
Express1_IBR_MLV_vaccine        5.25137452 0.07856390 0.00457793 0.00224275 0.00295123 0.00295498 0.00339035 0.00308478 0.00299382 0.00325656 0.00473814 0.00174406 0.00189265 0.00459968 0.00049827 0.00169624 0.00676881 0.00378068 0.00490131 0.00224572 0.00206820 0.00282378 0.00215369 0.00200206 0.00045821 0.00000000 0.00172833 0.00181319 0.04455103 0.12159899 0.12275233 0.13206435 0.13280478 0.00882735 
Titanium_IBR_MLV_vaccine        5.27459028 0.07862459 0.00434918 0.00318336 0.00152050 0.00156327 0.00312684 0.00286679 0.00156135 0.00303738 0.00456700 0.00257585 0.00239136 0.00437314 0.00165168 0.00219361 0.00678123 0.00377587 0.00664802 0.00109844 0.00093007 0.00277836 0.00064268 0.00233794 0.00164841 0.00172833 0.00000000 0.00169144 0.04475394 0.12134805 0.12384194 0.13264436 0.13305678 0.00718257 
VR188_Los_Angeles               5.24907630 0.07775068 0.00440985 0.00316259 0.00288720 0.00284882 0.00263351 0.00229615 0.00292942 0.00255070 0.00446053 0.00258712 0.00239731 0.00429503 0.00157428 0.00190971 0.00595860 0.00361458 0.00463479 0.00224988 0.00190361 0.00234153 0.00173127 0.00124400 0.00156964 0.00181319 0.00169144 0.00000000 0.04425343 0.11925074 0.12173471 0.12944028 0.12786837 0.00893765 
216_II                          5.39594055 0.12094229 0.04889920 0.04847656 0.04779813 0.04784831 0.04849702 0.04792889 0.04788501 0.04819653 0.04661133 0.04710125 0.04660353 0.04772900 0.04456023 0.04568378 0.05215835 0.04594578 0.05148869 0.04939789 0.04868123 0.04724474 0.04884748 0.04647086 0.04453148 0.04455103 0.04475394 0.04425343 0.00000000 0.13884188 0.14096570 0.13997398 0.15309837 0.06177878 
SP1777                          5.22500842 0.03234513 0.12314276 0.12288102 0.12286524 0.12281104 0.12353378 0.12278644 0.12276779 0.12316777 0.11982168 0.12162746 0.12157281 0.12300467 0.12065072 0.12008921 0.12742843 0.12029813 0.12481326 0.12801218 0.12786632 0.12820426 0.12748008 0.12122512 0.11971580 0.12159899 0.12134805 0.11925074 0.13884188 0.00000000 0.00795500 0.04021057 0.04580718 0.14038067 
SM023                           5.21002797 0.03087576 0.12674758 0.12648882 0.12647456 0.12642248 0.12713821 0.12639746 0.12637828 0.12677551 0.12242329 0.12396117 0.12425849 0.12461373 0.12205525 0.12207490 0.12925282 0.12295476 0.12416348 0.13050811 0.13035548 0.12984786 0.13107460 0.12373922 0.12247035 0.12275233 0.12384194 0.12173471 0.14096570 0.00795500 0.00000000 0.03882962 0.04154582 0.14409324 
K22                             5.17364946 0.07192693 0.13494753 0.13505372 0.13425549 0.13420741 0.13521609 0.13435083 0.13415990 0.13506746 0.13127055 0.13364066 0.13439954 0.13336166 0.13170805 0.13158570 0.13684459 0.13039478 0.13433638 0.13898412 0.13970974 0.13804474 0.13958854 0.13301320 0.13089510 0.13206435 0.13264436 0.12944028 0.13997398 0.04021057 0.03882962 0.00000000 0.04466057 0.15151481 
B589                            5.21608826 0.07081952 0.13269320 0.13258423 0.13231784 0.13227331 0.13334622 0.13258731 0.13222084 0.13296923 0.13093164 0.13214943 0.13297002 0.13240981 0.13148457 0.13119477 0.13557652 0.12964561 0.13271642 0.13763462 0.13969802 0.13707957 0.13995213 0.13223452 0.13062880 0.13280478 0.13305678 0.12786837 0.15309837 0.04580718 0.04154582 0.04466057 0.00000000 0.14908055 
Cooper                          5.81281419 0.09688946 0.01185897 0.01037081 0.00753304 0.00765023 0.01036168 0.00989076 0.00757949 0.01023733 0.01270399 0.00977949 0.00971229 0.01328091 0.00839109 0.00930729 0.01456437 0.01161694 0.01246377 0.00386082 0.00400114 0.00694846 0.00443497 0.00939811 0.00853530 0.00882735 0.00718257 0.00893765 0.06177878 0.14038067 0.14409324 0.15151481 0.14908055 0.00000000 
