8
BHV5        0.00000000 9.00000000 9.00000000 9.00000000 9.00000000 9.00000000 9.00000000 9.00000000 
216_II      9.00000000 0.00000000 0.05764689 0.04680563 0.04966873 0.12277651 0.10679554 0.12465776 
Cooper      9.00000000 0.05764689 0.00000000 0.01248093 0.01530054 0.13350196 0.08567077 0.12682101 
MN3         9.00000000 0.04680563 0.01248093 0.00000000 0.00893541 0.11736423 0.06709519 0.11030386 
C36_876_459 9.00000000 0.04966873 0.01530054 0.00893541 0.00000000 0.11894936 0.07846744 0.11228853 
K22         9.00000000 0.12277651 0.13350196 0.11736423 0.11894936 0.00000000 0.06601566 0.03910380 
MN2         9.00000000 0.10679554 0.08567077 0.06709519 0.07846744 0.06601566 0.00000000 0.03145011 
SM023       9.00000000 0.12465776 0.12682101 0.11030386 0.11228853 0.03910380 0.03145011 0.00000000 
