8
C33                      0.00000000 0.46383645 0.31290889 4.33406692 1.83496384 1.62044971 0.81498970 1.79506532 
C46                      0.46383645 0.00000000 0.14350924 8.99999873 1.84853454 1.61667554 1.02668915 1.80912343 
Titanium_IBR_MLV_vaccine 0.31290889 0.14350924 0.00000000 6.06640721 1.82449355 1.60156931 0.76620483 1.78982049 
Cooper                   4.33406692 8.99999873 6.06640721 0.00000000 2.04702818 1.85048495 2.69703870 2.05070629 
K22                      1.83496384 1.84853454 1.82449355 2.04702818 0.00000000 1.98882916 1.85064707 1.81933741 
MN2                      1.62044971 1.61667554 1.60156931 1.85048495 1.98882916 0.00000000 1.57350548 2.19561845 
MN3                      0.81498970 1.02668915 0.76620483 2.69703870 1.85064707 1.57350548 0.00000000 1.84199719 
SM023                    1.79506532 1.80912343 1.78982049 2.05070629 1.81933741 2.19561845 1.84199719 0.00000000 
