8
C33                      0.00000000 0.46486470 0.31348081 4.34972234 1.83712904 1.62235683 0.81785021 1.79729916 
C46                      0.46486470 0.00000000 0.14368043 8.99999885 1.85065869 1.61846820 1.02897219 1.81131640 
Titanium_IBR_MLV_vaccine 0.31348081 0.14368043 0.00000000 6.08950459 1.82664520 1.60343076 0.76842618 1.79204264 
Cooper                   4.34972234 8.99999885 6.08950459 0.00000000 2.04991637 1.85294085 2.70522525 2.05372746 
K22                      1.83712904 1.85065869 1.82664520 2.04991637 0.00000000 1.99182225 1.85295564 1.82186723 
MN2                      1.62235683 1.61846820 1.60343076 1.85294085 1.99182225 0.00000000 1.57531570 2.20014831 
MN3                      0.81785021 1.02897219 0.76842618 2.70522525 1.85295564 1.57531570 0.00000000 1.84439464 
SM023                    1.79729916 1.81131640 1.79204264 2.05372746 1.82186723 2.20014831 1.84439464 0.00000000 
