12
MN1                             0.00000000 1.34222205 1.88531342 1.61165813 1.68786511 1.66013039 1.60431509 1.58719817 1.72801884 2.52667825 2.55017735 2.79757989 
MN4                             1.34222205 0.00000000 1.60577036 1.68167235 1.63184070 1.57288477 1.56629318 1.59078802 1.65496199 2.32031460 2.54072588 2.79864403 
MN10                            1.88531342 1.60577036 0.00000000 1.62592721 1.63154586 1.77383521 1.72563454 1.70932795 1.60382490 2.92186979 2.85785689 2.86540855 
MN11                            1.61165813 1.68167235 1.62592721 0.00000000 1.53263048 2.00278470 1.57500805 1.49493042 1.52543065 2.30940901 2.51018325 2.40630839 
MN12                            1.68786511 1.63184070 1.63154586 1.53263048 0.00000000 1.75836450 1.62966073 1.56698575 1.62961996 2.29574101 2.39584004 2.17079074 
MN13                            1.66013039 1.57288477 1.77383521 2.00278470 1.75836450 0.00000000 1.63098949 1.60062091 1.88131582 2.47692887 2.65092571 2.33354448 
MN14                            1.60431509 1.56629318 1.72563454 1.57500805 1.62966073 1.63098949 0.00000000 1.35091235 2.35580434 2.32673733 2.44089352 2.24077345 
MN15                            1.58719817 1.59078802 1.70932795 1.49493042 1.56698575 1.60062091 1.35091235 0.00000000 1.54858817 2.33715197 2.46098675 2.30297316 
PA3                             1.72801884 1.65496199 1.60382490 1.52543065 1.62961996 1.88131582 2.35580434 1.54858817 0.00000000 2.28264250 2.38382383 2.15248683 
C18                             2.52667825 2.32031460 2.92186979 2.30940901 2.29574101 2.47692887 2.32673733 2.33715197 2.28264250 0.00000000 2.03092280 1.87374469 
C33                             2.55017735 2.54072588 2.85785689 2.51018325 2.39584004 2.65092571 2.44089352 2.46098675 2.38382383 2.03092280 0.00000000 2.08031489 
BoviShield_Gold_FP5_MLV_vaccine 2.79757989 2.79864403 2.86540855 2.40630839 2.17079074 2.33354448 2.24077345 2.30297316 2.15248683 1.87374469 2.08031489 0.00000000 
