8
BHV5        0.00000000 9.00000000 9.00000000 9.00000000 9.00000000 9.00000000 9.00000000 9.00000000 
216_II      9.00000000 0.00000000 0.05766460 0.04682085 0.04968447 0.12282544 0.10683525 0.12471192 
Cooper      9.00000000 0.05766460 0.00000000 0.01248612 0.01530716 0.13356030 0.08569533 0.12687351 
MN3         9.00000000 0.04682085 0.01248612 0.00000000 0.00893819 0.11740519 0.06711429 0.11034024 
C36_876_459 9.00000000 0.04968447 0.01530716 0.00893819 0.00000000 0.11899075 0.07848841 0.11232517 
K22         9.00000000 0.12282544 0.13356030 0.11740519 0.11899075 0.00000000 0.06603561 0.03911964 
MN2         9.00000000 0.10683525 0.08569533 0.06711429 0.07848841 0.06603561 0.00000000 0.03146326 
SM023       9.00000000 0.12471192 0.12687351 0.11034024 0.11232517 0.03911964 0.03146326 0.00000000 
