8
BHV5                     0.00000000 9.00000000 9.00000000 9.00000000 9.00000000 9.00000000 9.00000000 9.00000000 
216_II                   9.00000000 0.00000000 0.02936996 0.03092068 0.02891249 0.03752499 0.08043192 0.07276284 
C33                      9.00000000 0.02936996 0.00000000 0.00227421 0.00216453 0.00799745 0.06733952 0.06173872 
C46                      9.00000000 0.03092068 0.00227421 0.00000000 0.00093887 0.00372276 0.07145339 0.06526355 
Titanium_IBR_MLV_vaccine 9.00000000 0.02891249 0.00216453 0.00093887 0.00000000 0.00634292 0.06808826 0.06217287 
Cooper                   9.00000000 0.03752499 0.00799745 0.00372276 0.00634292 0.00000000 0.07775828 0.07276215 
B589                     9.00000000 0.08043192 0.06733952 0.07145339 0.06808826 0.07775828 0.00000000 0.02986577 
SP1777                   9.00000000 0.07276284 0.06173872 0.06526355 0.06217287 0.07276215 0.02986577 0.00000000 
