6
C33                      0.00000000 0.15764536 0.11207499 2.39667787 1.77705126 1.68861040 
C46                      0.15764536 0.00000000 0.05632486 0.49831844 1.83162603 1.73151112 
Titanium_IBR_MLV_vaccine 0.11207499 0.05632486 0.00000000 2.36337129 1.75812640 1.67031306 
Cooper                   2.39667787 0.49831844 2.36337129 0.00000000 2.04412415 1.94055883 
B589                     1.77705126 1.83162603 1.75812640 2.04412415 0.00000000 1.44007928 
SP1777                   1.68861040 1.73151112 1.67031306 1.94055883 1.44007928 0.00000000 
