6
C33                      0.00000000 0.15763654 0.11206914 2.39635906 1.77703593 1.68863153 
C46                      0.15763654 0.00000000 0.05632232 0.49810770 1.83161175 1.73153718 
Titanium_IBR_MLV_vaccine 0.11206914 0.05632232 0.00000000 2.36295339 1.75811248 1.67033680 
Cooper                   2.39635906 0.49810770 2.36295339 0.00000000 2.04409012 1.94056225 
B589                     1.77703593 1.83161175 1.75811248 2.04409012 0.00000000 1.44006384 
SP1777                   1.68863153 1.73153718 1.67033680 1.94056225 1.44006384 0.00000000 
