6
C33                      0.00000000 0.15323555 0.10680221 2.14872705 1.73213273 1.48938611 
C46                      0.15323555 0.00000000 0.05487715 0.44077239 1.79170840 1.53951101 
Titanium_IBR_MLV_vaccine 0.10680221 0.05487715 0.00000000 2.01685502 1.71967608 1.46856959 
Cooper                   2.14872705 0.44077239 2.01685502 0.00000000 1.98157377 1.73437236 
K22                      1.73213273 1.79170840 1.71967608 1.98157377 0.00000000 1.76492362 
MN2                      1.48938611 1.53951101 1.46856959 1.73437236 1.76492362 0.00000000 
