Position in alignment,BHV5 - BHV5,BHV5 - C33,BHV5 - Titanium_IBR_MLV_vaccine,BHV5 - 216_II,BHV5 - SP1777,BHV5 - K22,BHV5 - B589,BHV5 - Cooper
100,0,24.9500000029802,24.9500000029802,24.9500000029802,0,0.200000002980232,0,24.9500000029802
200,0,25,25,25,0,0,0,25
300,0,25,25,25,0,0,0,25
400,0,25,25,25,0,0,0,25
500,0,25,25,25,0,0,0,25
600,0,25,25,25,0,0,0,25
700,0,25,25,25,0,0,0,25
800,0,24.9000000059605,24.9000000059605,24.9000000059605,0,0,0.400000005960464,24.9000000059605
900,0,25,25,25,0,0,0,25
1000,0,25,25,25,0,0,0,25
1100,0,24.9500000029802,24.9500000029802,24.9500000029802,0,0.200000002980232,0,24.9500000029802
1200,0,25,25,25,0,0,0,25
1300,0,24.9500000029802,24.9500000029802,24.9500000029802,0,0.200000002980232,0,24.9500000029802
1400,0,25,25,25,0,0,0,25
1500,0,24.8500000089407,24.8500000089407,24.8500000089407,0.400000005960464,0.200000002980232,0,24.8500000089407
1600,0,24.6000000238419,24.6000000238419,24.6000000238419,0.733333349227905,0.366666674613953,0.500000014901161,24.6000000238419
1700,0,24.6000000238419,24.6000000238419,24.6000000238419,0.700000017881393,0,0.900000020861626,24.6000000238419
1800,0,24.5500000268221,24.5500000268221,24.5500000268221,0.900000020861626,0,0.900000020861626,24.5500000268221
1900,0,23.9000000655651,23.9000000655651,23.9000000655651,1.50000004470348,0,2.90000006556511,23.9000000655651
2000,0,24.7500000149012,24.7500000149012,24.7500000149012,0.500000014901161,0,0.500000014901161,24.7500000149012
2100,0,29.4166672080755,29.4166672080755,11.4166666716337,0.16666667163372,0,0.16666667163372,29.4166672080755
2200,0,30.0000005960464,30.0000005960464,10,0,0,0,30.0000005960464
2300,0,29.8333339244127,29.8333339244127,10.1666666716337,0.16666667163372,0,0.16666667163372,29.8333339244127
2400,0,30.1666672974825,30.1666672974825,9.16666667163372,0.16666667163372,0,0.16666667163372,30.1666672974825
2500,0,30.2261911183596,30.2261911183596,8.89285714924335,0.142857149243355,0.142857149243355,0.142857149243355,30.2261911183596
2600,0,30.2500006258488,30.2500006258488,9.25,0,0,0,30.2500006258488
2700,0,29.7500005662441,29.7500005662441,10.75,0,0,0,29.7500005662441
2800,0,30.8333340287209,30.8333340287209,7.5,0,0,0,30.8333340287209
2900,0,24.5261905044317,24.5261905044317,24.5261905044317,1.27619050443172,0.142857149243355,0.476190492510796,24.5261905044317
3000,0,8.11666667461395,8.11666667461395,8.11666667461395,0.366666674613953,0.16666667163372,0,75.116666674614
3100,0,11.0666668862104,11.0666668862104,3.45000000298023,0.816666677594185,0.16666667163372,0.366666674613953,73.0666668862104
3200,0,10.150000244379,10.150000244379,1.03333334624767,1.98333334922791,0.200000002980232,0.333333343267441,76.150000244379
3300,0,13.6000003516674,13.6000003516674,0.583333343267441,2.35000002384186,0.933333352208138,0.333333343267441,68.6000003516674
3400,0,10.9833336472511,10.9833336472511,0,0.650000005960464,0.200000002980232,0.200000002980232,76.9833336472511
3500,0,14.0000004172325,14.0000004172325,0,0,0,0,72.0000004172325
3600,0,12.3666670322418,12.3666670322418,0,0.366666674613953,0.16666667163372,0.366666674613953,74.3666670322418
3700,0,4.33333346247673,15.3333334624767,0,0,0,0,80.3333334624767
3800,0,12.3333337008953,43.8333337008953,0,0,0,0,43.8333337008953
3900,0,13.3333337306976,43.3333337306976,0,0,0,0,43.3333337306976
4000,0,13.3333337306976,43.3333337306976,0,0,0,0,43.3333337306976
4100,0,14.5833337605,42.5833337605,0.25,0,0,0,42.5833337605
4200,0,10.6666669845581,44.6666669845581,0,0,0,0,44.6666669845581
4300,0,16.0000004768372,42.0000004768372,0,0,0,0,42.0000004768372
4400,0,15.500000461936,42.000000461936,0,0.16666667163372,0.16666667163372,0.16666667163372,42.000000461936
4500,0,33.3333343267441,33.3333343267441,0,0,0,0,33.3333343267441
4600,0,33.2500009834766,33.2500009834766,0.25,0,0,0,33.2500009834766
4700,0,22.3333334922791,22.3333334922791,0.366666674613953,22.3333334922791,7.63333348929882,2.66666674613953,22.3333334922791
4800,0,31.4666675180197,31.4666675180197,0,3.80000002682209,1.30000002682209,0.500000014901161,31.4666675180197
4900,0,31.6500008404255,31.6500008404255,0,3.98333334922791,0.733333349227905,0.333333343267441,31.6500008404255
5000,0,31.6166675388813,31.6166675388813,0.200000002980232,3.28333336114883,1.3333333581686,0.333333343267441,31.6166675388813
5100,0,32.8666676133871,32.8666676133871,1,0.200000002980232,0,0.200000002980232,32.8666676133871
5200,0,32.6833342760801,32.6833342760801,0.5,0.850000008940697,0.200000002980232,0.400000005960464,32.6833342760801
5300,0,32.7000009268522,32.7000009268522,1.20000000298023,0.700000002980232,0,0,32.7000009268522
5400,0,32.7000009268522,32.7000009268522,1.20000000298023,0.700000002980232,0,0,32.7000009268522
5500,0,32.8666676282883,32.8666676282883,0.66666667163372,0.366666674613953,0,0.366666674613953,32.8666676282883
5600,0,32.6166675984859,32.6166675984859,1.41666667163372,0.366666674613953,0,0.366666674613953,32.6166675984859
5700,0,32.6166675984859,32.6166675984859,1.41666667163372,0.366666674613953,0,0.366666674613953,32.6166675984859
5800,0,32.283334210515,32.283334210515,2.5,0.200000002980232,0,0.450000002980232,32.283334210515
5900,0,33.1666676402092,33.1666676402092,0.5,0,0,0,33.1666676402092
6000,0,33.1666676402092,33.1666676402092,0.5,0,0,0,33.1666676402092
6100,0,33.1666676402092,33.1666676402092,0.5,0,0,0,33.1666676402092
6200,0,33.1666676402092,33.1666676402092,0.5,0,0,0,33.1666676402092
6300,0,32.0833341777325,32.0833341777325,3,0,0,0.75,32.0833341777325
6400,0,31.7500008046627,31.7500008046627,4.75,0,0,0,31.7500008046627
6500,0,32.000000834465,32.000000834465,4,0,0,0,32.000000834465
6600,0,32.2500008642673,32.2500008642673,3.25,0,0,0,32.2500008642673
6700,0,32.3333342075348,32.3333342075348,3,0,0,0,32.3333342075348
6800,0,25,25,25,0,0,0,25
6900,0,25,25,25,0,0,0,25
7000,0,25,25,25,0,0,0,25
7100,0,25,25,25,0,0,0,25
7200,0,25,25,25,0,0,0,25
7300,0,25,25,25,0,0,0,25
7400,0,24.9500000029802,24.9500000029802,24.9500000029802,0,0,0.200000002980232,24.9500000029802
7500,0,24.9500000029802,24.9500000029802,24.9500000029802,0,0,0.200000002980232,24.9500000029802
7600,0,24.9500000029802,24.9500000029802,24.9500000029802,0,0.200000002980232,0,24.9500000029802
7700,0,24.9500000029802,24.9500000029802,24.9500000029802,0,0.200000002980232,0,24.9500000029802
7800,0,24.9500000029802,24.9500000029802,24.9500000029802,0,0.200000002980232,0,24.9500000029802
7900,0,25,25,25,0,0,0,25
8000,0,10.9166668951511,38.416667163372,12.2500002682209,0,0,0,38.416667163372
8100,0,12.5833337008953,42.4166671037674,2.58333340287209,0,0,0,42.4166671037674
8200,0,10.3333336114883,43.0000003576279,3.66666674613953,0,0,0,43.0000003576279
8300,0,16.0833337605,39.7500005066395,4.41666674613953,0,0,0,39.7500005066395
8400,0,15.9166671335697,41.9166671335697,0.25,0,0,0,41.9166671335697
8500,0,13.5000003576279,41.8333337306976,2.83333337306976,0,0,0,41.8333337306976
8600,0,12.4166670143604,42.5833337306976,2.4166667163372,0,0,0,42.5833337306976
8700,0,12.5000003576279,42.3333337605,2.83333340287209,0,0,0,42.3333337605
8800,0,32.3333342075348,32.3333342075348,3,0,0,0,32.3333342075348
8900,0,30.7500006854534,30.7500006854534,7.5,0,0,0.25,30.7500006854534
9000,0,29.7166672796011,29.7166672796011,9.21666668355465,0.200000002980232,0.16666667163372,1.26666668057442,29.7166672796011
9100,0,30.483334004879,30.483334004879,8.15000000596046,0,0.400000005960464,0,30.483334004879
9200,0,24.3095238506794,24.3095238506794,24.3095238506794,0.509523823857307,1.7095238417387,0.542857155203819,24.3095238506794
9300,0,24.2500000447035,24.2500000447035,24.2500000447035,1.90000003576279,1.10000002384186,0,24.2500000447035
9400,0,24.28333337605,24.28333337605,24.28333337605,1.63333337008953,1.23333336412907,0,24.28333337605
9500,0,23.9833333939314,23.9833333939314,23.9833333939314,0.666666686534882,3.03333339095116,0.366666674613953,23.9833333939314
9600,0,28.6500005722046,28.6500005722046,9.5833333581686,2.23333337903023,2.23333337903023,0,28.6500005722046
9700,0,29.2500005811453,29.2500005811453,9.58333334326744,1.3333333581686,1.3333333581686,0,29.2500005811453
9800,0,29.7095244377851,29.7095244377851,8.17619049549103,0.676190495491028,0.676190495491028,1.34285715222359,29.7095244377851
9900,0,29.9000006169081,29.9000006169081,9,0.566666677594185,0.566666677594185,0.16666667163372,29.9000006169081
10000,0,30.5000006556511,30.5000006556511,8.5,0,0,0,30.5000006556511
10100,0,29.7500005662441,29.7500005662441,10.75,0,0,0,29.7500005662441
10200,0,30.1666672825813,30.1666672825813,9.5,0,0,0,30.1666672825813
10300,0,30.0833339393139,30.0833339393139,9.75,0,0,0,30.0833339393139
10400,0,25,25,25,0,0,0,25
10500,0,25,25,25,0,0,0,25
10600,0,25,25,25,0,0,0,25
10700,0,25,25,25,0,0,0,25
10800,0,24.6666666865349,24.6666666865349,24.6666666865349,0.966666683554649,0.200000002980232,0.16666667163372,24.6666666865349
10900,0,23.8500000685453,23.8500000685453,23.8500000685453,3.30000005662441,0.966666683554649,0.333333343267441,23.8500000685453
11000,0,23.8761905431747,23.8761905431747,23.8761905431747,1.57619051635265,2.77619053423405,0.142857149243355,23.8761905431747
11100,0,24.7595238238573,24.7595238238573,24.7595238238573,0.509523823857307,0.309523820877075,0.142857149243355,24.7595238238573
11200,0,24.7095238268375,24.7095238268375,24.7095238268375,0.70952382683754,0.309523820877075,0.142857149243355,24.7095238268375
11300,0,24.8166666775942,24.8166666775942,24.8166666775942,0.200000002980232,0.366666674613953,0.16666667163372,24.8166666775942
11400,0,24.2000000476837,24.2000000476837,24.2000000476837,0.333333343267441,2.70000004768372,0.16666667163372,24.2000000476837
11500,0,24.3333333730698,24.3333333730698,24.3333333730698,0,2.33333337306976,0.333333343267441,24.3333333730698
11600,0,24.0761905312538,24.0761905312538,24.0761905312538,0.142857149243355,2.57619053125381,0.976190507411957,24.0761905312538
11700,0,24.28333337605,24.28333337605,24.28333337605,0,2.53333337605,0.333333343267441,24.28333337605
11800,0,24.1833333820105,24.1833333820105,24.1833333820105,0.16666667163372,2.93333338201046,0.16666667163372,24.1833333820105
11900,0.16666667163372,19.6761907935143,19.6761907935143,19.6761907935143,0.642857164144516,19.6761907935143,0.809523835778236,19.6761907935143
12000,0.400000005960464,24.1333333849907,24.1333333849907,24.1333333849907,0,2.73333337903023,0.333333343267441,24.1333333849907
12100,0.366666674613953,30.450000718236,30.450000718236,7.11666668951511,0,1.16666668653488,0,30.450000718236
12200,0.600000008940697,30.5166673511267,30.5166673511267,7.8500000089407,0,0,0,30.5166673511267
12300,0.600000008940697,29.9333339482546,29.9333339482546,9.6000000089407,0,0,0,29.9333339482546
12400,0.600000008940697,31.8500008434057,31.8500008434057,3.8500000089407,0,0,0,31.8500008434057
12500,1,33.0000009536743,33.0000009536743,0,0,0,0,33.0000009536743
12600,1,33.0000009536743,33.0000009536743,0,0,0,0,33.0000009536743
12700,0.5,33.1666676402092,33.1666676402092,0,0,0,0,33.1666676402092
12800,0,12.5000003576279,43.5000003576279,0.5,0,0,0,43.5000003576279
12900,0.25,10.9166669845581,44.4166669845581,0,0,0,0,44.4166669845581
13000,0.25,12.5833337008953,43.5833337008953,0,0,0,0,43.5833337008953
13100,0,11.583333671093,44.083333671093,0.25,0,0,0,44.083333671093
13200,0,12.3333337008953,43.8333337008953,0,0,0,0,43.8333337008953
13300,0,12.1666666716337,37.6666666716337,12.1666666716337,0,0.16666667163372,0.16666667163372,37.6666666716337
13400,0,11.25,38.75,11.25,0,0,0,38.75
13500,0.200000002980232,9.45000000298023,40.4500000029802,9.45000000298023,0,0,0,40.4500000029802
13600,0,25,25,25,0,0,0,25
13700,0.25,32.9166676104069,32.9166676104069,1,0,0,0,32.9166676104069
13800,0,32.9166676104069,32.9166676104069,1.25,0,0,0,32.9166676104069
13900,0.75,32.3333342075348,32.3333342075348,2.25,0,0,0,32.3333342075348
14000,0.783333346247673,32.3666675984859,32.3666675984859,0.583333343267441,0,1.00000001490116,0.533333346247673,32.3666675984859
14100,3.6833333671093,29.5666673630476,29.5666673630476,1.78333334624767,0.400000005960464,3.15000003576279,2.28333336114883,29.5666673630476
14200,0.933333352208138,31.1500008255243,31.1500008255243,1.70000000298023,0,2.98333336412907,0.933333352208138,31.1500008255243
14300,1.86309529840946,27.7464293241501,27.7464293241501,1.32738097012043,0.910714313387871,6.32976204156876,6.32976204156876,27.7464293241501
14400,1.57142862677574,26.3904768973589,26.3904768973589,1.61904764175415,2.19047626852989,7.72380970418453,7.72380970418453,26.3904768973589
14500,0.678571447730064,21.9047620743513,21.9047620743513,21.9047620743513,1.39285719394684,5.15476207435131,5.15476207435131,21.9047620743513
14600,0.75,19.7500002682209,19.7500002682209,19.7500002682209,6.7500002682209,6.7500002682209,6.7500002682209,19.7500002682209
14700,0.375,23.6607143431902,23.6607143431902,23.6607143431902,1.66071434319019,1.66071434319019,1.66071434319019,23.6607143431902
14800,0.142857149243355,29.9285721033812,29.9285721033812,8.26190479099751,0.761904790997505,0.761904790997505,0.28571429848671,29.9285721033812
14900,0,29.6428577303886,29.6428577303886,10.3095238208771,0.309523820877075,0.309523820877075,0.142857149243355,29.6428577303886
15000,0,29.9761911183596,29.9761911183596,8.9761904925108,0.476190492510796,0.476190492510796,0.142857149243355,29.9761911183596
15100,0,31.0666674673557,31.0666674673557,4.00000001490116,0.533333346247673,1.56666669249535,0.700000017881393,31.0666674673557
15200,0,31.7833341658115,31.7833341658115,3.66666667163372,0.366666674613953,0.616666674613953,0,31.7833341658115
15300,0,31.5833341628313,31.5833341628313,4.08333334326744,0.333333343267441,0.500000014901161,0.333333343267441,31.5833341628313
15400,0,31.6000008136034,31.6000008136034,3.90000000596046,0,1.1000000089407,0.200000002980232,31.6000008136034
15500,0,7.45000018179417,42.7333336472511,5.78333346545696,0,0.900000005960464,0.400000005960464,42.7333336472511
15600,0,10.100000217557,37.5166670084,7.50000013411045,0,3.6833333671093,3.6833333671093,37.5166670084
15700,0,11.2500002086163,34.783333748579,11.7833335548639,0,3.70000004768372,3.70000004768372,34.783333748579
15800,0,10.3333335965872,37.2166671305895,8.1333335340023,0,3.55000002682209,3.55000002682209,37.2166671305895
15900,0,10.8333333432674,28.7000005245209,28.7000005245209,0,1.53333336114883,1.53333336114883,28.7000005245209
16000,0,8.01666668057442,29.516667291522,29.516667291522,0,2.26666669547558,1.16666668653488,29.516667291522
16100,0,10.7333333492279,29.2666672319174,29.2666672319174,0,0.933333352208138,0.533333346247673,29.2666672319174
16200,0,8,30.666667342186,30.666667342186,0,0,0,30.666667342186
16300,0,24.9166666716337,24.9166666716337,24.9166666716337,0,0.16666667163372,0.16666667163372,24.9166666716337
16400,0,29.916667252779,29.916667252779,10.25,0,0,0,29.916667252779
16500,0,31.8333341479301,31.8333341479301,4.25,0,0.25,0,31.8333341479301
16600,0,32.750000923872,32.750000923872,1.75,0,0,0,32.750000923872
16700,0,32.6666675806046,32.6666675806046,2,0,0,0,32.6666675806046
16800,0,32.4166675508022,32.4166675508022,2.75,0,0,0,32.4166675508022
16900,0,33.0000009536743,33.0000009536743,1,0,0,0,33.0000009536743
17000,0,10.4166669547558,43.9166669845581,1.75000002980232,0,0,0,43.9166669845581
17100,0,5.00000014901161,47.1666668355465,0.666666686534882,0,0,0,47.1666668355465
17200,0,7.58333352208138,45.2500002086163,1.91666668653488,0,0,0,45.2500002086163
17300,0,3.75000008940697,47.5833334326744,1.08333334326744,0,0,0,47.5833334326744
17400,0,2.9166667163372,46.2500001490116,4.58333343267441,0,0,0,46.2500001490116
17500,0,3.75000005960464,45.4166668355465,5.41666677594185,0,0,0,45.4166668355465
17600,0,3.41666674613953,45.7500002086163,5.08333346247673,0,0,0,45.7500002086163
17700,0,4.33333343267441,45.3333335518837,5.00000011920929,0,0,0,45.3333335518837
17800,0,10.0000002384186,44.0000002384186,2,0,0,0,44.0000002384186
17900,0,30.7833340317011,30.7833340317011,7.45000000298023,0,0,0.200000002980232,30.7833340317011
18000,0,29.7166672646999,29.7166672646999,10.0500000119209,0,0,0.800000011920929,29.7166672646999
18100,0,25,25,25,0,0,0,25
18200,0,25,25,25,0,0,0,25
18300,0,25,25,25,0,0,0,25
18400,0,25,25,25,0,0,0,25
18500,0,1.25,12.7500000596046,3.25000005960464,0,0,0,82.7500000596046
18600,0,1.25,18.9166667461395,3.91666674613953,0,0,0,75.9166667461395
18700,0,1,18.0000001490116,6.00000014901161,0,0,0,75.0000001490116
18800,0,1.25,12.5833334028721,3.58333340287209,0,0,0,82.5833334028721
18900,0,2.30000001192093,13.8833333849907,4.38333338499069,0,0,1.55000001192093,77.8833333849907
19000,0,1.20000001788139,15.7000000178814,4.70000001788139,0,0,4.70000001788139,73.7000000178814
19100,0,0.200000002980232,18.7000000029802,2.70000000298023,0,0,2.70000000298023,75.7000000029802
19200,0,1.80000002682209,16.8000000268221,4.30000002682209,0,0,4.30000002682209,72.8000000268221
19300,0,20.0000002980232,20.0000002980232,20.0000002980232,0,0,20.0000002980232,20.0000002980232
19400,0,24.4000000357628,24.4000000357628,24.4000000357628,0,0.200000002980232,2.20000003278255,24.4000000357628
19500,0,24.0666667222977,24.0666667222977,24.0666667222977,0.16666667163372,1.16666668653488,2.40000003576279,24.0666667222977
19600,0,24.3761905133724,24.3761905133724,24.3761905133724,0.309523820877075,0.87619049847126,1.30952383577824,24.3761905133724
19700,0,8.81666667759418,40.8166666775942,8.81666667759418,0,0.366666674613953,0.366666674613953,40.8166666775942
19800,0,9.33333352208138,43.8333335220814,3,0,0,0,43.8333335220814
19900,0,10.816666841507,40.316666841507,4.55000002682209,1.95000003278255,1.68333335220814,0.366666674613953,40.316666841507
20000,0,11.616666957736,43.116666957736,1.70000000298023,0.450000002980232,0,0,43.116666957736
20100,0,12.7000003308058,42.7000003308058,1.45000000298023,0.450000002980232,0,0,42.7000003308058
20200,0,11.5666669607162,43.0666669607162,1.20000000298023,0.400000005960464,0,0.700000002980232,43.0666669607162
20300,0,12.0166670084,43.0166670084,1.01666668057442,0.766666680574417,0,0.16666667163372,43.0166670084
20400,0,14.7500004172325,42.2500004172325,0.5,0,0,0.25,42.2500004172325
20500,0,33.0833342969418,33.0833342969418,0.75,0,0,0,33.0833342969418
20600,0,32.9500009566545,32.9500009566545,0.950000002980232,0,0.200000002980232,0,32.9500009566545
20700,0,32.1500008702278,32.1500008702278,3.15000000596046,0.200000002980232,0,0.200000002980232,32.1500008702278
20800,0,32.0333341807127,32.0333341807127,3.70000000298023,0,0,0.200000002980232,32.0333341807127
20900,0,33.0000009536743,33.0000009536743,1,0,0,0,33.0000009536743
21000,0,32.5833342373371,32.5833342373371,2.25,0,0,0,32.5833342373371
21100,0,32.3333342075348,32.3333342075348,3,0,0,0,32.3333342075348
21200,0,31.5833341181278,31.5833341181278,5.25,0,0,0,31.5833341181278
21300,0,30.5000006556511,30.5000006556511,8.5,0,0,0,30.5000006556511
21400,0,29.916667252779,29.916667252779,10.25,0,0,0,29.916667252779
21500,0,29.733333915472,29.733333915472,10.4000000059605,0,0,0.400000005960464,29.733333915472
21600,0,30.1666672825813,30.1666672825813,9.5,0,0,0,30.1666672825813
21700,0,25,25,25,0,0,0,25
21800,0,25,25,25,0,0,0,25
21900,0,25,25,25,0,0,0,25
22000,0,25,25,25,0,0,0,25
22100,0,25,25,25,0,0,0,25
22200,0,30.2500006258488,30.2500006258488,30.2500006258488,0,0,0,9.25
22300,0,30.5833339989185,30.5833339989185,30.5833339989185,0,0,0,8.25
22400,0,29.4166671931744,29.4166671931744,29.4166671931744,0,0,0,11.75
22500,0,30.1666672825813,30.1666672825813,30.1666672825813,0,0,0,9.5
22600,0,39.7500004470348,39.7500004470348,7.83333349227905,0.25,0,0.5,11.9166669547558
22700,0,38.7500004470348,38.7500004470348,10.4166668653488,0,0,0,12.083333581686
22800,0,38.2833337932825,38.2833337932825,11.833333581686,0.200000002980232,0,0.450000002980232,10.9500002115965
22900,0,39.166667163372,39.166667163372,9.91666689515114,0,0,0.25,11.5000002682209
23000,0,30.5333340018988,30.5333340018988,8.20000000298023,0,0,0.200000002980232,30.5333340018988
23100,0,30.5833339989185,30.5833339989185,8.25,0,0,0,30.5833339989185
23200,0,31.8333341479301,31.8333341479301,4.5,0,0,0,31.8333341479301
23300,0,32.0833341777325,32.0833341777325,3.75,0,0,0,32.0833341777325
23400,0,30.1666672825813,30.1666672825813,9.5,0,0,0,30.1666672825813
23500,0,30.5000006556511,30.5000006556511,8.5,0,0,0,30.5000006556511
23600,0,30.0000005960464,30.0000005960464,10,0,0,0,30.0000005960464
23700,0,30.3333339691162,30.3333339691162,8.75,0,0,0.25,30.3333339691162
23800,0,29.4333339333534,29.4333339333534,8.95000001788139,1.15000002086163,0.900000020861626,0.700000002980232,29.4333339333534
23900,0,28.9500005692244,28.9500005692244,8.03333334624767,2.95000003278255,1.13333335518837,1.03333334624767,28.9500005692244
24000,0,23.3952381908894,23.3952381908894,23.3952381908894,2.59523817896843,2.59523817896843,1.22857145965099,23.3952381908894
24100,0,16.3095243275166,16.3095243275166,16.3095243275166,16.3095243275166,16.3095243275166,2.14285723865032,16.3095243275166
24200,0,14.2857149243355,14.2857149243355,14.2857149243355,14.2857149243355,14.2857149243355,14.2857149243355,14.2857149243355
24300,0,14.2857149243355,14.2857149243355,14.2857149243355,14.2857149243355,14.2857149243355,14.2857149243355,14.2857149243355
24400,0,14.2857149243355,14.2857149243355,14.2857149243355,14.2857149243355,14.2857149243355,14.2857149243355,14.2857149243355
24500,0,21.0357145220041,21.0357145220041,21.0357145220041,5.28571452200413,5.28571452200413,5.28571452200413,21.0357145220041
24600,0,24.1428571939468,24.1428571939468,24.1428571939468,1.14285719394684,1.14285719394684,1.14285719394684,24.1428571939468
24700,0,24.7857142984867,24.7857142984867,24.7857142984867,0.28571429848671,0.28571429848671,0.28571429848671,24.7857142984867
24800,0,25,25,25,0,0,0,25
24900,0,25,25,25,0,0,0,25
25000,0,25,25,25,0,0,0,25
25100,0,25,25,25,0,0,0,25
25200,0.200000002980232,24.9500000029802,24.9500000029802,24.9500000029802,0,0,0,24.9500000029802
25300,0,25,25,25,0,0,0,25
25400,0,25,25,25,0,0,0,25
25500,0,25,25,25,0,0,0,25
25600,0,25,25,25,0,0,0,25
25700,0,29.3333338499069,29.3333338499069,12,0,0,0,29.3333338499069
25800,0,30.5833339989185,30.5833339989185,8.25,0,0,0,30.5833339989185
25900,0,30.8333340287209,30.8333340287209,7.5,0,0,0,30.8333340287209
26000,0,29.8333339542151,29.8333339542151,9,0.500000014901161,0.500000014901161,0.500000014901161,29.8333339542151
26100,0,29.5952387452126,29.5952387452126,8.42857144773006,0.928571462631226,0.928571462631226,0.928571462631226,29.5952387452126
26200,0,29.4523815363646,29.4523815363646,10.2857142984867,0.45238097012043,0.45238097012043,0.45238097012043,29.4523815363646
26300,0,28.9642863720655,28.9642863720655,7.96428574621677,1.7142857760191,1.7142857760191,1.7142857760191,28.9642863720655
26400,0,27.8095244318247,27.8095244318247,8.64285719394684,2.64285723865032,2.64285723865032,2.64285723865032,27.8095244318247
26500,0,27.7500006407499,27.7500006407499,9.75000010430813,3.00000010430813,1.00000004470348,3.00000010430813,27.7500006407499
26600,0,11.5357145220041,35.9690480232239,10.9690478146076,2.55238100886345,0.45238097012043,2.55238100886345,35.9690480232239
26700,0,10.333333581686,37.6666671186686,10.3333335667849,2.00000004470348,0,2.00000004470348,37.6666671186686
26800,0,11.0333336293697,34.3833336532116,8.71666675806046,8.71666675806046,0.400000005960464,2.36666671931744,34.3833336532116
26900,0,11.0166669338942,36.3000004440546,10.800000205636,3.71666671335697,0.16666667163372,1.70000003278255,36.3000004440546
27000,0,11.7833335548639,37.6166671067476,12.2833335548639,0.25,0,0.450000002980232,37.6166671067476
27100,0,11.0333335548639,38.7833337634802,10.9500002115965,0,0,0.450000002980232,38.7833337634802
27200,0,7.58333346247673,40.4166670441628,11.583333581686,0,0,0,40.4166670441628
27300,0,12.4500000029802,29.0333338230848,29.0333338230848,0,0,0.450000002980232,29.0333338230848
27400,0,24.9000000059605,24.9000000059605,24.9000000059605,0,0,0.400000005960464,24.9000000059605
27500,0,24.8500000089407,24.8500000089407,24.8500000089407,0.200000002980232,0,0.400000005960464,24.8500000089407
27600,0,7.91666667163372,7.91666667163372,7.91666667163372,0,0.16666667163372,0.16666667163372,75.9166666716337
27700,0,8.6000000089407,8.6000000089407,8.6000000089407,0,0.600000008940697,0,73.6000000089407
27800,0,10.3666667044163,10.3666667044163,10.3666667044163,0.366666674613953,1.10000002384186,1.06666669249535,66.3666667044163
27900,0,6.80000004172325,6.80000004172325,6.80000004172325,0,0.500000014901161,2.30000004172325,76.8000000417233
28000,0,7.64523816108704,7.64523816108704,7.64523816108704,0.928571462631226,0.595238119363785,2.89523816108704,72.645238161087
28100,0,9.1833333671093,9.1833333671093,9.1833333671093,0.666666686534882,0.16666667163372,1.4333333671093,70.1833333671093
28200,0,6.5833333581686,6.5833333581686,6.5833333581686,0.833333358168602,0,0.833333358168602,78.5833333581686
28300,0,8.73333336412907,8.73333336412907,8.73333336412907,1.73333336412907,0,0.333333343267441,71.7333333641291
28400,0,29.7619054615498,29.7619054615498,7.76190480589867,1.26190480589867,0.761904790997505,0.928571462631226,29.7619054615498
28500,0,30.516667380929,30.516667380929,7.18333335220814,0.933333352208138,0.333333343267441,0,30.516667380929
28600,0,29.2500005960464,29.2500005960464,10.2500000298023,1.50000002980232,0.500000014901161,0,29.2500005960464
28700,0,29.3166672736406,29.3166672736406,9.98333336412907,1.23333336412907,0.833333358168602,0,29.3166672736406
28800,0,30.4166673123837,30.4166673123837,8.75,0,0,0,30.4166673123837
28900,0,29.8666672706604,29.8666672706604,9.86666667461395,0.16666667163372,0.366666674613953,0,29.8666672706604
29000,0,29.9500006139278,29.9500006139278,9.61666667461395,0.366666674613953,0.16666667163372,0,29.9500006139278
29100,0,30.2666673213243,30.2666673213243,8.6000000089407,0.400000005960464,0.200000002980232,0,30.2666673213243
29200,0,24.866666674614,24.866666674614,24.866666674614,0.16666667163372,0.366666674613953,0,24.866666674614
29300,0,24.9000000059605,24.9000000059605,24.9000000059605,0.200000002980232,0.200000002980232,0,24.9000000059605
29400,0,25,25,25,0,0,0,25
29500,0,25,25,25,0,0,0,25
29600,0,32.6666675806046,32.6666675806046,1.75,0.25,0,0,32.6666675806046
29700,0,33.0833342969418,33.0833342969418,0.75,0,0,0,33.0833342969418
29800,0,32.6666675806046,32.6666675806046,2,0,0,0,32.6666675806046
29900,0,33.1666676402092,33.1666676402092,0.5,0,0,0,33.1666676402092
30000,0,33.3333343267441,33.3333343267441,0,0,0,0,33.3333343267441
30100,0,33.0833342969418,33.0833342969418,0.75,0,0,0,33.0833342969418
30200,0,33.3333343267441,33.3333343267441,0,0,0,0,33.3333343267441
30300,0,33.3333343267441,33.3333343267441,0,0,0,0,33.3333343267441
30400,0,33.0000009536743,33.0000009536743,0.75,0,0,0.25,33.0000009536743
30500,0,32.8333342671394,32.8333342671394,1.5,0,0,0,32.8333342671394
30600,0,32.3333342075348,32.3333342075348,2.75,0,0,0.25,32.3333342075348
30700,0,30.7500006854534,30.7500006854534,7.75,0,0,0,30.7500006854534
30800,0,30.016667291522,30.016667291522,9.3500000089407,0.400000005960464,0.200000002980232,0,30.016667291522
30900,0,24.9000000059605,24.9000000059605,24.9000000059605,0.200000002980232,0.200000002980232,0,24.9000000059605
31000,0,24.8333333432674,24.8333333432674,24.8333333432674,0.333333343267441,0.333333343267441,0,24.8333333432674
31100,0,30.5833339989185,30.5833339989185,8.25,0,0,0,30.5833339989185
31200,0,30.666667342186,30.666667342186,8,0,0,0,30.666667342186
31300,0,10.3666669279337,43.8666669279337,1.5,0.200000002980232,0.200000002980232,0,43.8666669279337
31400,0,10.4166669398546,43.9166669398546,1.41666667163372,0,0.16666667163372,0.16666667163372,43.9166669398546
31500,0,10.3333335518837,43.3333335518837,3,0,0,0,43.3333335518837
31600,0,12.3166669905186,42.8166669905186,1.65000000596046,0,0.400000005960464,0,42.8166669905186
31700,0,11.1666669547558,43.6666669547558,1.25,0,0,0.25,43.6666669547558
31800,0,13.150000333786,42.150000333786,1.45000000298023,0.200000002980232,0,0.900000005960464,42.150000333786
31900,0,8.70000018179417,44.2000001817942,2.25,0.200000002980232,0,0.450000002980232,44.2000001817942
32000,0,12.9166669547558,41.9166669547558,3.25,0,0,0,41.9166669547558
32100,0,24.9000000059605,24.9000000059605,24.9000000059605,0,0,0.400000005960464,24.9000000059605
32200,0,25,25,25,0,0,0,25
32300,0,24.9166666716337,24.9166666716337,24.9166666716337,0.16666667163372,0,0.16666667163372,24.9166666716337
32400,0,24.9500000029802,24.9500000029802,24.9500000029802,0.200000002980232,0,0,24.9500000029802
32500,0,25,25,25,0,0,0,25
32600,0,29.916667252779,29.916667252779,10.25,0,0,0,29.916667252779
32700,0,33.2500009834766,33.2500009834766,0.25,0,0,0,33.2500009834766
32800,0,33.1666676402092,33.1666676402092,0.25,0.25,0,0,33.1666676402092
32900,0,33.0833342969418,33.0833342969418,0.25,0.25,0,0.25,33.0833342969418
33000,0,33.1666676402092,33.1666676402092,0,0,0.5,0,33.1666676402092
33100,0,33.3333343267441,33.3333343267441,0,0,0,0,33.3333343267441
33200,0,32.7666676193476,32.7666676193476,0.25,0.850000008940697,0.400000005960464,0.200000002980232,32.7666676193476
33300,0,33.2500009834766,33.2500009834766,0.25,0,0,0,33.2500009834766
33400,0,33.2500009834766,33.2500009834766,0.25,0,0,0,33.2500009834766
33500,0,30.666667342186,30.666667342186,8,0,0,0,30.666667342186
33600,0,30.2666673213243,30.2666673213243,8.3500000089407,0,0.850000008940697,0,30.2666673213243
33700,0,29.9166673123837,29.9166673123837,8.26666668057442,0.566666677594185,1.41666668653488,0,29.9166673123837
33800,0,31.7595246732235,31.7595246732235,2.89285714924335,0.676190495491028,0.676190495491028,0.476190492510796,31.7595246732235
33900,0,32.0333341807127,32.0333341807127,3.5,0.200000002980232,0.200000002980232,0,32.0333341807127
34000,0,31.8333341479301,31.8333341479301,4.25,0.25,0,0,31.8333341479301
34100,0,29.6166672557592,29.6166672557592,10.2833333462477,0.533333346247673,0.16666667163372,0.16666667163372,29.6166672557592
34200,0,32.666667625308,32.666667625308,1.00000001490116,0.200000002980232,0.800000011920929,0,32.666667625308
34300,0,32.9166676104069,32.9166676104069,1.25,0,0,0,32.9166676104069
34400,0,32.7000009268522,32.7000009268522,1.70000000298023,0.200000002980232,0,0,32.7000009268522
34500,0,32.750000923872,32.750000923872,1.75,0,0,0,32.750000923872
34600,0,31.7833341509104,31.7833341509104,4.45000000298023,0,0,0.200000002980232,31.7833341509104
34700,0,33.0833342969418,33.0833342969418,0.75,0,0,0,33.0833342969418
34800,0,32.5000008940697,32.5000008940697,2.5,0,0,0,32.5000008940697
34900,0,32.750000923872,32.750000923872,1.5,0,0,0.25,32.750000923872
35000,0,30.0833339393139,30.0833339393139,9.75,0,0,0,30.0833339393139
35100,0,29.6833339184523,29.6833339184523,9.25,0,0.600000008940697,1.1000000089407,29.6833339184523
35200,0,31.6500008106232,31.6500008106232,4.20000000298023,0.650000005960464,0,0.200000002980232,31.6500008106232
35300,0,30.4500007480383,30.4500007480383,3.68333335220814,3.70000003278255,0.16666667163372,1.10000002384186,30.4500007480383
35400,0,32.1166675239801,32.1166675239801,2.70000000298023,0,0,0.950000002980232,32.1166675239801
35500,0,27.5261909663677,27.5261909663677,9.24285718798637,0.392857149243355,1.84285718202591,5.94285720586777,27.5261909663677
35600,0,30.3666673153639,30.3666673153639,8.5,0,0.200000002980232,0.200000002980232,30.3666673153639
35700,0,30.666667342186,30.666667342186,8,0,0,0,30.666667342186
35800,0,32.2000008672476,32.2000008672476,3,0,0.200000002980232,0.200000002980232,32.2000008672476
35900,0,31.8333341628313,31.8333341628313,4.16666667163372,0,0.16666667163372,0.16666667163372,31.8333341628313
36000,0,30.9166673868895,30.9166673868895,6.91666667163372,0,0.16666667163372,0.16666667163372,30.9166673868895
36100,0,10.4166668653488,38.7500004470348,12.083333581686,0,0,0,38.7500004470348
36200,0,6.66666680574417,41.3333337306976,10.6666669249535,0,0,0,41.3333337306976
36300,0,12.0000002980232,39.0000005364418,10.0000002384186,0,0,0,39.0000005364418
36400,0,11.1190478801727,36.7857147604227,10.7857145220041,1.95238099992275,1.95238099992275,0.61904764175415,36.7857147604227
36500,0,10.0119050145149,37.8119052350521,10.145238339901,1.72857147455215,1.72857147455215,0.761904790997505,37.8119052350521
36600,0,3.2428572177887,37.176190584898,1.57619051635265,9.176190584898,9.176190584898,2.47619053721428,37.176190584898
36700,0,3.2428572177887,39.059523910284,0.87619049847126,7.55952391028404,7.55952391028404,2.642857208848,39.059523910284
36800,0,3.98333343863487,43.7000001519918,1.38333335518837,1.18333335220814,4.20000006258488,1.85000002384186,43.7000001519918
36900,0,8.60952404141426,41.1095240414143,0.309523820877075,1.64285719394684,3.60952389240265,3.60952389240265,41.1095240414143
37000,0,12.3666670173407,39.8666670173407,0.333333343267441,1.50000004470348,3.03333340585232,3.03333340585232,39.8666670173407
37100,0,4.47619061172009,46.4761906117201,0.142857149243355,0.809523835778236,0.809523835778236,0.809523835778236,46.4761906117201
37200,0,4.81666679680347,46.8166667968035,0.41666667163372,0,0.566666677594185,0.566666677594185,46.8166667968035
37300,0,2.86666674911976,48.3666667491198,0,0,0.200000002980232,0.200000002980232,48.3666667491198
37400,0,10.7500002086163,42.2500002086163,4.08333334326744,0,0.333333343267441,0.333333343267441,42.2500002086163
37500,0,12.5833335518837,41.0833335518837,5.25,0,0,0,41.0833335518837
37600,0,8.25,41.75,8.25,0,0,0,41.75
37700,0,10,40,10,0,0,0,40
37800,0,9.75,40.25,9.75,0,0,0,40.25
37900,0,24.8333333432674,24.8333333432674,24.8333333432674,0,0.333333343267441,0.333333343267441,24.8333333432674
38000,0,8.25,30.5833339989185,30.5833339989185,0,0,0,30.5833339989185
38100,0,7.89285714924335,30.4261911511421,30.4261911511421,0.342857152223587,0.142857149243355,0.342857152223587,30.4261911511421
38200,0,11.5,29.5000005364418,29.5000005364418,0,0,0,29.5000005364418
38300,0,7.64285714924335,30.5095244944096,30.5095244944096,0.342857152223587,0.142857149243355,0.342857152223587,30.5095244944096
38400,0,10.9166666716337,29.250000551343,29.250000551343,0.500000014901161,0.333333343267441,0.500000014901161,29.250000551343
38500,0,10.2857143133879,27.3857147991657,27.3857147991657,1.11904765665531,3.21904769539833,3.21904769539833,27.3857147991657
38600,0,9.51190479099751,28.478572010994,28.478572010994,0.928571462631226,2.0619048178196,2.0619048178196,28.478572010994
38700,0,8.11904765665531,28.752381592989,28.752381592989,0.785714313387871,2.4190476834774,2.4190476834774,28.752381592989
38800,0,7.45238101482391,40.4523810148239,7.45238101482391,0.28571429848671,1.95238101482391,1.95238101482391,40.4523810148239
38900,0,7.41666667163372,42.4166666716337,7.41666667163372,0,0.16666667163372,0.16666667163372,42.4166666716337
39000,0,4.75,45.25,4.75,0,0,0,45.25
39100,0,6,44,6,0,0,0,44
39200,0,3.91666667163372,45.9166666716337,3.91666667163372,0,0.16666667163372,0.16666667163372,45.9166666716337
39300,0,4.25,45.75,4.25,0,0,0,45.75
39400,0,4.41666667163372,45.4166666716337,4.41666667163372,0,0.16666667163372,0.16666667163372,45.4166666716337
39500,0,3.50000008940697,48.000000089407,0.5,0,0,0,48.000000089407
39600,0,11.8333336412907,43.3333336412907,1.5,0,0,0,43.3333336412907
39700,0,13.333333671093,42.333333671093,2,0,0,0,42.333333671093
39800,0,31.7500008046627,31.7500008046627,4.75,0,0,0,31.7500008046627
39900,0,32.0833341777325,32.0833341777325,3.75,0,0,0,32.0833341777325
40000,0,32.0833341777325,32.0833341777325,3.75,0,0,0,32.0833341777325
40100,0,33.0833342969418,33.0833342969418,0.75,0,0,0,33.0833342969418
40200,0,32.9166676104069,32.9166676104069,1.25,0,0,0,32.9166676104069
40300,0,33.3333343267441,33.3333343267441,0,0,0,0,33.3333343267441
40400,0,45.1666669547558,9.66666695475578,0,0,0,0,45.1666669547558
40500,0,43.5000003874302,13.0000003874302,0,0,0,0,43.5000003874302
40600,0,44.333333671093,11.333333671093,0,0,0,0,44.333333671093
40700,0,44.5000003278255,11.0000003278255,0,0,0,0,44.5000003278255
40800,0,43.8333337008953,12.3333337008953,0,0,0,0,43.8333337008953
40900,0,43.6666670441628,12.6666670441628,0,0,0,0,43.6666670441628
41000,0,43.6666670441628,12.6666670441628,0,0,0,0,43.6666670441628
41100,0,43.8333337008953,11.333333671093,1.00000002980232,0,0,0,43.8333337008953
41200,0,33.0000009536743,33.0000009536743,1,0,0,0,33.0000009536743
41300,0,33.0833342969418,33.0833342969418,0.75,0,0,0,33.0833342969418
41400,0,32.8333342671394,32.8333342671394,1.5,0,0,0,32.8333342671394
41500,0,32.8333342671394,32.8333342671394,1.5,0,0,0,32.8333342671394
41600,0,31.5333341509104,31.5333341509104,4.33333334326744,0.533333346247673,0.533333346247673,0,31.5333341509104
41700,0,24.866666674614,24.866666674614,24.866666674614,0.366666674613953,0,0.16666667163372,24.866666674614
41800,0,24.866666674614,24.866666674614,24.866666674614,0.200000002980232,0.16666667163372,0.16666667163372,24.866666674614
41900,0,24.9166666716337,24.9166666716337,24.9166666716337,0,0.16666667163372,0.16666667163372,24.9166666716337
42000,0,24.2500000447035,24.2500000447035,24.2500000447035,1.20000003278255,0.866666689515114,0.933333352208138,24.2500000447035
42100,0,24.7833333462477,24.7833333462477,24.7833333462477,0.16666667163372,0.533333346247673,0.16666667163372,24.7833333462477
42200,0,24.9500000029802,24.9500000029802,24.9500000029802,0.200000002980232,0,0,24.9500000029802
42300,0,24.8500000089407,24.8500000089407,24.8500000089407,0,0.600000008940697,0,24.8500000089407
42400,0,24.9000000059605,24.9000000059605,24.9000000059605,0.200000002980232,0.200000002980232,0,24.9000000059605
42500,0,29.8500006198883,29.8500006198883,9.06666667759418,0.366666674613953,1.01666668057442,0,29.8500006198883
42600,0,32.0833341926336,32.0833341926336,3.41666667163372,0.16666667163372,0.16666667163372,0,32.0833341926336
42700,0,31.5833341181278,31.5833341181278,5,0,0.25,0,31.5833341181278
42800,0,32.9166676104069,32.9166676104069,1.25,0,0,0,32.9166676104069
42900,0,32.750000923872,32.750000923872,1.75,0,0,0,32.750000923872
43000,0,32.7833342701197,32.7833342701197,1.45000000298023,0.200000002980232,0,0,32.7833342701197
43100,0,33.0000009536743,33.0000009536743,0.75,0.25,0,0,33.0000009536743
43200,0,32.6166675835848,32.6166675835848,0.75,1,0.200000002980232,0.200000002980232,32.6166675835848
43300,0,31.6500008106232,31.6500008106232,2.45000000298023,2.20000000298023,0.200000002980232,0.200000002980232,31.6500008106232
43400,0,27.9166672676802,27.9166672676802,8.25000005960464,2.3333333581686,2.83333340287209,2.83333340287209,27.9166672676802
43500,0,26.3357146978378,26.3357146978378,8.48571434617043,8.73571434617043,1.88571433722973,1.88571433722973,26.3357146978378
43600,0,23.3166667670012,23.3166667670012,23.3166667670012,2.40000006556511,2.16666674613953,2.16666674613953,23.3166667670012
43700,0,21.2500002235174,21.2500002235174,21.2500002235174,2.00000008940697,6.50000022351742,6.50000022351742,21.2500002235174
43800,0,21.1428573727608,21.1428573727608,21.1428573727608,2.14285723865032,6.64285737276077,6.64285737276077,21.1428573727608
43900,0,28.5047625303268,28.5047625303268,8.7380952835083,1.07142861187458,2.33809530735016,2.33809530735016,28.5047625303268
44000,0,29.916667252779,29.916667252779,10.25,0,0,0,29.916667252779
44100,0,29.8333339095116,29.8333339095116,10.5,0,0,0,29.8333339095116
44200,0,29.3666671961546,29.3666671961546,11.5,0.200000002980232,0.200000002980232,0,29.3666671961546
44300,0,31.8333341479301,31.8333341479301,4.25,0,0.25,0,31.8333341479301
44400,0,31.9166674911976,31.9166674911976,4,0,0.25,0,31.9166674911976
44500,0,32.2500008642673,32.2500008642673,3.25,0,0,0,32.2500008642673
44600,0,32.3333342075348,32.3333342075348,3,0,0,0,32.3333342075348
