6
C33                      0.00000000 0.15187881 0.10591257 2.10100029 1.72534101 1.48349448 
C46                      0.15187881 0.00000000 0.05446159 0.43087077 1.78549079 1.53456560 
Titanium_IBR_MLV_vaccine 0.10591257 0.05446159 0.00000000 1.94450760 1.71293293 1.46278271 
Cooper                   2.10100029 0.43087077 1.94450760 0.00000000 1.97315019 1.72700544 
K22                      1.72534101 1.78549079 1.71293293 1.97315019 0.00000000 1.75498273 
MN2                      1.48349448 1.53456560 1.46278271 1.72700544 1.75498273 0.00000000 
