8
C33                      0.00000000 0.46395177 0.31298596 4.33416922 1.83495421 1.62047703 0.81518768 1.79507044 
C46                      0.46395177 0.00000000 0.14354034 8.99999874 1.84852064 1.61669941 1.02682016 1.80912443 
Titanium_IBR_MLV_vaccine 0.31298596 0.14354034 0.00000000 6.06716140 1.82448591 1.60159808 0.76637114 1.78982637 
Cooper                   4.33416922 8.99999874 6.06716140 0.00000000 2.04699933 1.85048769 2.69708238 2.05068419 
K22                      1.83495421 1.84852064 1.82448591 2.04699933 0.00000000 1.98882015 1.85064162 1.81934299 
MN2                      1.62047703 1.61669941 1.60159808 1.85048769 1.98882015 0.00000000 1.57353575 2.19562506 
MN3                      0.81518768 1.02682016 0.76637114 2.69708238 1.85064162 1.57353575 0.00000000 1.84199937 
SM023                    1.79507044 1.80912443 1.78982637 2.05068419 1.81934299 2.19562506 1.84199937 0.00000000 
