8
C33                      0.00000000 0.46389842 0.31294897 4.33447060 1.83497893 1.62045661 0.81509390 1.79507629 
C46                      0.46389842 0.00000000 0.14352495 8.99999874 1.84854642 1.61667817 1.02675252 1.80913104 
Titanium_IBR_MLV_vaccine 0.31294897 0.14352495 0.00000000 6.06745461 1.82450821 1.60157590 0.76628933 1.78983105 
Cooper                   4.33447060 8.99999874 6.06745461 0.00000000 2.04704589 1.85049823 2.69720488 2.05072239 
K22                      1.83497893 1.84854642 1.82450821 2.04704589 0.00000000 1.98885803 1.85066123 1.81937531 
MN2                      1.62045661 1.61667817 1.60157590 1.85049823 1.98885803 0.00000000 1.57351509 2.19567854 
MN3                      0.81509390 1.02675252 0.76628933 2.69720488 1.85066123 1.57351509 0.00000000 1.84200957 
SM023                    1.79507629 1.80913104 1.78983105 2.05072239 1.81937531 2.19567854 1.84200957 0.00000000 
