8
BHV5                     0.00000000 9.00000000 9.00000000 9.00000000 9.00000000 9.00000000 9.00000000 9.00000000 
216_II                   9.00000000 0.00000000 0.02937023 0.03092098 0.02891275 0.03752551 0.08043421 0.07276466 
C33                      9.00000000 0.02937023 0.00000000 0.00227420 0.00216452 0.00799746 0.06734092 0.06173986 
C46                      9.00000000 0.03092098 0.00227420 0.00000000 0.00093886 0.00372276 0.07145497 0.06526481 
Titanium_IBR_MLV_vaccine 9.00000000 0.02891275 0.00216452 0.00093886 0.00000000 0.00634292 0.06808969 0.06217401 
Cooper                   9.00000000 0.03752551 0.00799746 0.00372276 0.00634292 0.00000000 0.07776034 0.07276389 
B589                     9.00000000 0.08043421 0.06734092 0.07145497 0.06808969 0.07776034 0.00000000 0.02986599 
SP1777                   9.00000000 0.07276466 0.06173986 0.06526481 0.06217401 0.07276389 0.02986599 0.00000000 
