14
BHV5                            0.00000000 9.00000000 9.00000000 9.00000000 9.00000000 9.00000000 9.00000000 9.00000000 9.00000000 9.00000000 9.00000000 9.00000000 9.00000000 9.00000000 
MN2                             9.00000000 0.00000000 0.07253499 0.07332614 0.06993031 0.07454979 0.07432463 0.06975689 0.07009503 0.07011883 0.10549772 0.03116527 0.06534045 0.08472975 
C14_CSU_034_10640               9.00000000 0.07253499 0.00000000 0.00408566 0.00472943 0.00486428 0.00533934 0.00457714 0.00492309 0.00474275 0.04450047 0.10503761 0.11235574 0.01327100 
C28_55771                       9.00000000 0.07332614 0.00408566 0.00000000 0.00462381 0.00339566 0.00501967 0.00435166 0.00477729 0.00453758 0.04537952 0.10701525 0.11435611 0.01384236 
C33                             9.00000000 0.06993031 0.00472943 0.00462381 0.00000000 0.00512256 0.00237664 0.00161760 0.00174468 0.00225933 0.04370122 0.10480452 0.11292204 0.00975848 
C43                             9.00000000 0.07454979 0.00486428 0.00339566 0.00512256 0.00000000 0.00590184 0.00480740 0.00509052 0.00693929 0.04859890 0.10637987 0.11495171 0.01303300 
C46                             9.00000000 0.07432463 0.00533934 0.00501967 0.00237664 0.00590184 0.00000000 0.00204085 0.00213063 0.00095367 0.04634831 0.11182376 0.11996832 0.00417739 
BoviShield_Gold_FP5_MLV_vaccine 9.00000000 0.06975689 0.00457714 0.00435166 0.00161760 0.00480740 0.00204085 0.00000000 0.00046852 0.00169368 0.04279698 0.10511556 0.11229874 0.00895099 
Express1_IBR_MLV_vaccine        9.00000000 0.07009503 0.00492309 0.00477729 0.00174468 0.00509052 0.00213063 0.00046852 0.00000000 0.00177671 0.04278069 0.10538257 0.11325203 0.00925554 
Titanium_IBR_MLV_vaccine        9.00000000 0.07011883 0.00474275 0.00453758 0.00225933 0.00693929 0.00095367 0.00169368 0.00177671 0.00000000 0.04294159 0.10623498 0.11375087 0.00753240 
216_II                          9.00000000 0.10549772 0.04450047 0.04537952 0.04370122 0.04859890 0.04634831 0.04279698 0.04278069 0.04294159 0.00000000 0.12300204 0.12117693 0.05708227 
SM023                           9.00000000 0.03116527 0.10503761 0.10701525 0.10480452 0.10637987 0.11182376 0.10511556 0.10538257 0.10623498 0.12300204 0.00000000 0.03874328 0.12513663 
K22                             9.00000000 0.06534045 0.11235574 0.11435611 0.11292204 0.11495171 0.11996832 0.11229874 0.11325203 0.11375087 0.12117693 0.03874328 0.00000000 0.13167597 
Cooper                          9.00000000 0.08472975 0.01327100 0.01384236 0.00975848 0.01303300 0.00417739 0.00895099 0.00925554 0.00753240 0.05708227 0.12513663 0.13167597 0.00000000 
