6
C33                      0.00000000 0.15188914 0.10591937 2.10126262 1.72538347 1.48354834 
C46                      0.15188914 0.00000000 0.05446483 0.43091729 1.78552870 1.53461378 
Titanium_IBR_MLV_vaccine 0.10591937 0.05446483 0.00000000 1.94491236 1.71297608 1.46283637 
Cooper                   2.10126262 0.43091729 1.94491236 0.00000000 1.97319687 1.72705895 
K22                      1.72538347 1.78552870 1.71297608 1.97319687 0.00000000 1.75504341 
MN2                      1.48354834 1.53461378 1.46283637 1.72705895 1.75504341 0.00000000 
