6
C33                      0.00000000 0.15080592 0.10520710 2.06702742 1.72031541 1.47834348 
C46                      0.15080592 0.00000000 0.05412891 0.42455116 1.78093906 1.53011034 
Titanium_IBR_MLV_vaccine 0.10520710 0.05412891 0.00000000 1.89165581 1.70789692 1.45768790 
Cooper                   2.06702742 0.42455116 1.89165581 0.00000000 1.96719498 1.72120622 
K22                      1.72031541 1.78093906 1.70789692 1.96719498 0.00000000 1.74768698 
MN2                      1.47834348 1.53011034 1.45768790 1.72120622 1.74768698 0.00000000 
